service_id,monday,tuesday,wednesday,thursday,friday,saturday,sunday,start_date,end_date
IDFM:1,1,1,1,1,1,0,0,20250602,20250701
IDFM:10,0,0,0,0,0,1,0,20250607,20250628
IDFM:11,0,0,1,0,0,0,0,20250604,20250625
IDFM:104,0,0,0,0,0,0,1,20250608,20250629
IDFM:1000,1,1,1,1,1,1,1,20250602,20250701
IDFM:2043,0,1,0,1,0,0,0,20250603,20250701
IDFM:5550,0,1,1,1,1,1,1,20250603,20250701
IDFM:10070,1,1,1,1,1,1,0,20250602,20250701
IDFM:10196,0,1,1,1,1,0,0,20250602,20250613
IDFM:10200,0,0,0,0,0,0,1,20250602,20250629
IDFM:10209,0,0,0,0,1,1,0,20250606,20250628
IDFM:10219,0,0,0,0,0,1,0,20250602,20250628
IDFM:10254,1,1,1,1,1,0,1,20250602,20250701
IDFM:10321,0,0,0,0,0,1,1,20250602,20250629
IDFM:10388,1,1,0,0,0,1,0,20250607,20250701
IDFM:10397,0,0,0,0,0,1,1,20250607,20250629
IDFM:10519,1,1,0,0,0,0,1,20250608,20250701
IDFM:10838,1,1,0,0,0,1,1,20250607,20250701
IDFM:10991,0,0,0,0,0,0,1,20250608,20250615
IDFM:11148,0,0,0,0,0,0,1,20250622,20250629
IDFM:11966,1,1,1,1,1,1,1,20250602,20250701
IDFM:11972,0,0,0,0,0,1,1,20250607,20250629
IDFM:13173,0,1,0,0,0,0,0,20250610,20250610
IDFM:13176,1,0,0,0,0,0,0,20250602,20250630
IDFM:13427,0,1,1,1,1,1,0,20250603,20250701
IDFM:16494,0,0,1,0,0,1,0,20250604,20250628
IDFM:16764,0,0,0,0,0,0,1,20250608,20250629
IDFM:16823,0,0,0,0,0,1,1,20250607,20250629
IDFM:16992,1,0,0,0,0,0,1,20250609,20250615
IDFM:18093,0,0,0,0,0,1,0,20250607,20250628
IDFM:20774,0,0,0,0,0,1,0,20250607,20250614
IDFM:20798,0,0,0,0,0,0,1,20250608,20250615
IDFM:21252,1,1,1,1,1,0,0,20250616,20250630
IDFM:21350,0,0,0,0,0,1,0,20250621,20250628
IDFM:28842,0,1,1,1,1,0,0,20250603,20250613
IDFM:29054,1,0,0,0,0,0,0,20250616,20250630
IDFM:29068,0,1,1,1,1,0,0,20250617,20250627
IDFM:33143,0,0,0,0,0,1,0,20250602,20250628
IDFM:42234,0,1,0,1,1,0,0,20250603,20250627
IDFM:63682,1,1,1,1,1,1,1,20250602,20250630
IDFM:72582,1,1,1,0,1,0,0,20250602,20250630
IDFM:72599,1,1,0,0,1,0,0,20250602,20250630
IDFM:77509,0,0,0,0,0,0,1,20250609,20250629
IDFM:79207,1,1,0,1,0,1,0,20250602,20250630
IDFM:90196,1,1,1,1,1,0,0,20250602,20250630
IDFM:90445,1,1,0,1,1,0,0,20250602,20250630
IDFM:90509,0,0,1,0,0,0,0,20250604,20250625
IDFM:90761,1,1,0,1,1,0,0,20250616,20250620
IDFM:92688,1,1,1,1,0,0,0,20250602,20250630
IDFM:94963,0,0,0,0,1,0,0,20250602,20250613
IDFM:98273,0,0,0,0,0,1,0,20250607,20250630
IDFM:100000,0,0,0,0,0,0,1,20250608,20250629
IDFM:100001,0,0,0,0,0,0,1,20250609,20250629
IDFM:100126,1,1,1,1,0,0,0,20250602,20250701
IDFM:100212,0,0,0,0,1,0,0,20250606,20250627
IDFM:100438,0,0,0,0,0,0,1,20250608,20250608
IDFM:100529,1,1,1,1,1,0,0,20250602,20250630
IDFM:100531,1,1,1,1,1,1,0,20250602,20250630
IDFM:101005,0,1,0,0,0,0,0,20250701,20250701
IDFM:101590,0,0,0,0,0,0,1,20250608,20250622
IDFM:101594,0,0,0,0,0,0,1,20250615,20250629
IDFM:101755,0,0,0,0,0,1,0,20250614,20250628
IDFM:101933,1,1,1,1,1,0,0,20250616,20250701
IDFM:102036,1,1,1,1,0,0,0,20250602,20250630
IDFM:102699,1,1,1,1,1,0,0,20250602,20250630
IDFM:102701,0,1,1,1,0,0,0,20250610,20250612
IDFM:102880,0,0,0,0,1,0,0,20250602,20250630
IDFM:102898,0,0,0,0,0,1,0,20250614,20250628
IDFM:103434,0,0,0,0,0,1,0,20250607,20250607
IDFM:103583,1,1,1,1,0,0,0,20250616,20250626
IDFM:104736,1,1,1,1,0,0,1,20250602,20250630
IDFM:104981,1,0,1,1,0,0,0,20250602,20250626
IDFM:104982,1,1,1,1,1,0,0,20250602,20250627
IDFM:105047,1,0,0,0,0,0,0,20250609,20250609
IDFM:105148,1,1,1,1,0,0,0,20250602,20250626
IDFM:105196,0,1,0,0,1,0,0,20250603,20250627
IDFM:105202,0,1,0,0,0,0,0,20250603,20250624
IDFM:105610,1,0,1,1,1,0,0,20250602,20250627
IDFM:106097,1,0,0,0,0,0,0,20250630,20250630
IDFM:106098,1,1,0,0,0,0,0,20250630,20250701
IDFM:110077,0,0,0,0,0,0,1,20250608,20250622
IDFM:110148,0,0,0,0,0,0,1,20250609,20250622
IDFM:110456,0,0,0,0,1,1,0,20250606,20250628
IDFM:110583,0,0,0,0,0,0,1,20250629,20250629
IDFM:110608,1,1,1,1,0,0,1,20250602,20250629
IDFM:110858,0,0,0,0,0,0,1,20250608,20250629
IDFM:111007,1,1,0,1,0,0,0,20250602,20250701
IDFM:111083,1,1,0,1,1,0,0,20250602,20250701
IDFM:111508,0,0,1,0,1,0,0,20250604,20250627
IDFM:111835,1,0,1,1,0,0,0,20250602,20250630
IDFM:112910,1,1,1,1,1,0,0,20250602,20250630
IDFM:113110,0,0,0,0,1,0,0,20250613,20250627
IDFM:113238,1,1,1,1,0,0,0,20250602,20250630
IDFM:113340,0,0,0,0,1,0,0,20250606,20250606
IDFM:113630,0,0,0,0,0,0,1,20250608,20250629
IDFM:113651,0,0,0,0,0,0,1,20250622,20250622
IDFM:114021,0,0,0,0,0,0,1,20250608,20250701
IDFM:114293,0,0,0,0,0,1,0,20250606,20250628
IDFM:114413,0,0,0,0,0,0,1,20250615,20250629
IDFM:114967,1,1,1,1,1,0,1,20250602,20250630
IDFM:118542,0,0,0,0,0,1,0,20250607,20250628
IDFM:119248,0,0,0,0,0,0,1,20250608,20250629
IDFM:119407,0,0,0,0,0,1,0,20250607,20250628
IDFM:119734,0,0,0,0,0,0,1,20250615,20250615
IDFM:119737,0,0,0,0,0,1,0,20250614,20250614
IDFM:121390,0,0,0,0,0,0,1,20250608,20250630
IDFM:121392,1,1,1,1,1,1,1,20250602,20250629
IDFM:121394,1,1,1,1,1,1,0,20250602,20250628
IDFM:122212,1,1,0,1,1,0,0,20250602,20250627
IDFM:126296,1,1,0,1,1,0,0,20250602,20250630
IDFM:126444,1,1,1,1,1,1,1,20250602,20250630
IDFM:127555,0,0,0,0,0,1,0,20250607,20250701
IDFM:135204,1,1,1,1,1,0,0,20250602,20250627
IDFM:135386,0,0,0,0,0,1,0,20250607,20250628
IDFM:135449,0,0,0,0,1,0,0,20250606,20250627
IDFM:136241,1,1,1,1,1,0,0,20250602,20250630
IDFM:136591,0,0,0,1,0,0,0,20250619,20250619
IDFM:136596,1,1,1,1,1,0,0,20250602,20250701
IDFM:140863,1,1,0,0,0,0,0,20250602,20250603
IDFM:140909,1,1,1,1,1,0,0,20250604,20250630
IDFM:141080,1,1,1,1,0,0,0,20250604,20250630
IDFM:144859,1,1,0,1,0,0,0,20250602,20250630
IDFM:144924,0,0,1,0,1,0,0,20250604,20250627
IDFM:145194,1,1,0,1,1,0,0,20250602,20250630
IDFM:154031,0,0,0,0,1,0,0,20250606,20250701
IDFM:155584,0,0,0,0,1,0,0,20250606,20250627
IDFM:160085,0,1,1,1,1,0,0,20250603,20250627
IDFM:160090,1,0,0,0,0,0,0,20250602,20250630
IDFM:160541,0,0,0,0,0,1,1,20250607,20250608
IDFM:160657,1,1,1,1,1,1,1,20250602,20250630
IDFM:160690,0,0,0,0,0,1,1,20250609,20250629
IDFM:169897,1,1,0,1,1,1,0,20250602,20250701
IDFM:170636,0,0,1,1,1,1,1,20250604,20250629
IDFM:170642,0,0,1,1,1,1,0,20250604,20250628
IDFM:170744,0,0,0,0,0,0,1,20250607,20250629
IDFM:170878,1,1,1,1,1,1,0,20250602,20250630
IDFM:170963,0,0,0,0,0,1,1,20250607,20250701
IDFM:170964,0,0,0,0,0,1,1,20250608,20250701
IDFM:170966,0,0,0,0,0,0,1,20250607,20250701
IDFM:171013,1,1,1,1,1,0,1,20250602,20250701
IDFM:171023,1,1,1,1,1,1,1,20250602,20250701
IDFM:171033,0,0,0,0,0,1,0,20250614,20250701
IDFM:171040,1,1,1,1,1,1,0,20250602,20250701
IDFM:171847,1,1,1,1,1,1,0,20250602,20250701
IDFM:172760,0,0,0,0,0,1,0,20250621,20250621
IDFM:172765,0,0,0,0,0,1,1,20250607,20250629
IDFM:172789,1,1,1,1,1,0,1,20250602,20250629
IDFM:173083,1,1,1,1,1,1,0,20250602,20250628
IDFM:174680,0,0,0,0,1,1,0,20250606,20250628
IDFM:175606,1,1,1,1,0,0,1,20250602,20250701
IDFM:175607,1,1,1,1,1,1,1,20250602,20250701
IDFM:175635,1,1,1,1,0,1,1,20250602,20250701
IDFM:175651,0,0,0,0,0,0,1,20250608,20250701
IDFM:175670,1,1,1,1,1,1,0,20250602,20250701
IDFM:175767,0,0,0,0,1,0,0,20250606,20250701
IDFM:175808,0,0,0,0,0,1,0,20250607,20250701
IDFM:176546,0,0,0,0,0,1,1,20250607,20250629
IDFM:176552,0,0,0,0,0,1,1,20250607,20250629
IDFM:176577,0,0,0,0,0,0,1,20250609,20250629
IDFM:176588,0,0,0,0,1,0,1,20250606,20250629
IDFM:176659,1,1,1,1,0,1,0,20250602,20250628
IDFM:176662,1,1,1,1,0,1,0,20250602,20250628
IDFM:177796,1,1,1,1,1,0,0,20250602,20250627
IDFM:177797,1,1,1,1,0,0,0,20250602,20250626
IDFM:178100,0,0,0,0,1,0,0,20250606,20250627
IDFM:178566,1,1,1,1,1,0,1,20250602,20250629
IDFM:178684,1,1,1,1,0,1,1,20250602,20250629
IDFM:178769,1,1,1,1,1,1,1,20250602,20250629
IDFM:178885,0,0,0,0,0,0,1,20250609,20250701
IDFM:178906,0,0,0,0,0,1,0,20250607,20250701
IDFM:179549,1,1,1,1,1,0,0,20250602,20250627
IDFM:179587,0,0,0,0,1,0,0,20250606,20250627
IDFM:179771,0,0,0,0,0,1,0,20250607,20250628
IDFM:179784,0,0,0,0,0,1,0,20250607,20250628
IDFM:180701,0,0,0,0,0,1,1,20250607,20250629
IDFM:180707,1,1,1,1,1,0,1,20250602,20250629
IDFM:181284,1,0,0,0,0,0,0,20250609,20250701
IDFM:181552,0,0,0,0,1,0,0,20250606,20250701
IDFM:181853,0,0,0,0,1,0,0,20250606,20250701
IDFM:181947,0,0,0,0,0,0,1,20250608,20250701
IDFM:181954,1,1,1,1,0,0,1,20250602,20250629
IDFM:181965,0,0,0,0,0,0,1,20250615,20250701
IDFM:181974,0,0,0,0,1,0,1,20250606,20250701
IDFM:182013,0,0,0,0,1,0,1,20250606,20250629
IDFM:182307,1,1,1,1,0,0,1,20250602,20250629
IDFM:183294,0,0,0,0,1,0,1,20250606,20250629
IDFM:185482,1,1,1,1,0,0,1,20250602,20250701
IDFM:185533,1,1,1,1,1,0,1,20250602,20250701
IDFM:185747,1,1,1,1,1,1,0,20250602,20250701
IDFM:187204,1,1,1,1,0,1,1,20250602,20250701
IDFM:187362,1,1,1,1,0,1,0,20250602,20250701
IDFM:187390,0,0,0,0,0,0,1,20250607,20250629
IDFM:187511,1,1,1,1,1,0,1,20250602,20250701
IDFM:187556,1,1,1,1,1,0,0,20250602,20250701
IDFM:187558,1,1,1,1,0,0,0,20250602,20250701
IDFM:187570,1,1,1,1,0,0,0,20250602,20250701
IDFM:187577,1,1,1,1,0,0,0,20250616,20250701
IDFM:187687,1,1,1,1,1,1,0,20250602,20250701
IDFM:187854,0,1,1,1,1,0,0,20250602,20250614
IDFM:187864,0,0,0,0,1,0,0,20250602,20250627
IDFM:187981,0,0,0,0,0,1,0,20250607,20250628
IDFM:187990,0,0,0,0,1,0,0,20250606,20250628
IDFM:188071,0,0,0,0,1,1,0,20250607,20250628
IDFM:188208,0,0,0,0,1,0,0,20250620,20250627
IDFM:188265,0,0,0,0,1,0,0,20250606,20250613
IDFM:188304,0,1,1,1,0,0,0,20250602,20250614
IDFM:189500,1,1,1,1,0,0,1,20250602,20250701
IDFM:189648,1,1,1,1,0,1,0,20250602,20250701
IDFM:191532,0,0,0,0,1,1,1,20250606,20250629
IDFM:192925,0,0,0,0,0,1,1,20250607,20250701
IDFM:192996,0,0,0,0,0,1,1,20250607,20250701
IDFM:193030,0,0,0,0,1,1,1,20250606,20250629
IDFM:193768,1,1,1,1,0,1,0,20250602,20250628
IDFM:195104,0,0,0,0,1,1,0,20250606,20250701
IDFM:195414,1,1,1,1,1,0,0,20250602,20250627
IDFM:195490,0,1,1,1,1,0,0,20250605,20250627
IDFM:195492,0,1,1,1,0,0,0,20250605,20250626
IDFM:195520,1,1,1,1,0,0,0,20250602,20250626
IDFM:195595,0,1,1,1,0,1,0,20250605,20250628
IDFM:195597,0,1,1,1,1,1,0,20250605,20250628
IDFM:196539,0,0,0,0,0,1,0,20250607,20250628
IDFM:196559,0,1,1,1,0,0,0,20250605,20250626
IDFM:196704,0,1,1,1,1,0,0,20250605,20250627
IDFM:196814,1,1,1,1,1,0,1,20250605,20250629
IDFM:196896,0,0,0,0,0,0,1,20250602,20250629
IDFM:197072,0,0,0,0,1,1,0,20250606,20250628
IDFM:197346,0,0,0,0,1,0,0,20250602,20250627
IDFM:197355,0,0,0,0,0,1,0,20250602,20250628
IDFM:197874,1,1,0,0,0,0,0,20250602,20250701
IDFM:197876,1,1,1,1,0,0,1,20250602,20250701
IDFM:197904,1,1,1,1,1,1,1,20250605,20250701
IDFM:197907,1,1,1,1,1,0,0,20250602,20250627
IDFM:197990,1,1,1,1,0,0,1,20250605,20250629
IDFM:197994,1,0,0,0,0,0,1,20250602,20250701
IDFM:198000,1,1,1,1,0,0,1,20250605,20250701
IDFM:198001,1,1,1,1,1,0,1,20250602,20250701
IDFM:198034,0,0,0,0,0,0,1,20250602,20250629
IDFM:198262,0,0,0,0,1,0,1,20250606,20250701
IDFM:198264,1,1,1,1,1,1,1,20250605,20250701
IDFM:198272,1,1,1,1,1,0,1,20250602,20250701
IDFM:198318,1,1,1,1,1,0,0,20250602,20250701
IDFM:198319,1,1,1,1,1,0,0,20250605,20250701
IDFM:198321,0,0,0,0,1,0,0,20250602,20250701
IDFM:198351,1,1,1,1,0,0,0,20250605,20250701
IDFM:198353,1,1,1,1,1,1,0,20250605,20250701
IDFM:198447,1,1,1,1,0,0,0,20250602,20250701
IDFM:199185,1,1,1,1,0,0,0,20250602,20250626
IDFM:200011,1,1,1,1,0,0,1,20250602,20250701
IDFM:200386,0,0,0,0,0,1,1,20250607,20250701
IDFM:200517,0,0,0,0,0,1,0,20250607,20250701
IDFM:204530,1,1,1,1,1,0,0,20250602,20250701
IDFM:204734,1,1,1,1,0,1,0,20250602,20250701
IDFM:205376,1,1,1,1,1,1,1,20250602,20250701
IDFM:205428,1,1,1,1,1,1,1,20250602,20250629
IDFM:205459,1,1,1,1,1,0,1,20250602,20250701
IDFM:205576,1,1,1,1,1,0,1,20250602,20250701
IDFM:205891,1,1,1,1,0,0,0,20250602,20250701
IDFM:209139,1,1,1,1,0,0,0,20250602,20250701
IDFM:209262,0,0,0,0,1,1,0,20250606,20250628
IDFM:210005,0,0,1,0,0,0,1,20250604,20250629
IDFM:211488,0,0,1,0,0,1,0,20250604,20250628
IDFM:211544,0,0,1,0,1,0,0,20250604,20250627
IDFM:211948,1,1,0,1,1,0,0,20250602,20250701
IDFM:215583,0,0,1,1,1,0,0,20250604,20250627
IDFM:215585,0,1,0,0,0,0,0,20250603,20250701
IDFM:215595,1,1,1,0,0,1,1,20250602,20250701
IDFM:215599,1,1,1,0,1,1,1,20250602,20250701
IDFM:215608,0,0,0,1,0,0,0,20250605,20250626
IDFM:215611,0,0,0,1,1,0,0,20250605,20250627
IDFM:215641,1,0,0,0,0,1,1,20250602,20250630
IDFM:215771,0,0,1,1,0,0,0,20250604,20250626
IDFM:215812,1,1,1,0,0,0,0,20250602,20250701
IDFM:215819,1,0,1,1,1,1,1,20250602,20250630
IDFM:215828,0,1,1,1,1,0,0,20250603,20250701
IDFM:215954,1,0,1,0,0,1,1,20250602,20250630
IDFM:217093,0,0,0,0,0,0,1,20250609,20250701
IDFM:217453,1,1,1,1,0,1,0,20250602,20250630
IDFM:217477,1,1,1,1,0,0,1,20250602,20250630
IDFM:217764,1,1,1,1,0,1,1,20250602,20250630
IDFM:218411,0,0,0,0,1,0,1,20250606,20250701
IDFM:218466,0,0,0,0,1,1,0,20250606,20250701
IDFM:221396,1,0,0,0,0,0,1,20250602,20250701
IDFM:221399,1,1,1,1,0,0,0,20250610,20250626
IDFM:221437,1,0,0,0,1,1,1,20250602,20250701
IDFM:221470,0,1,1,1,1,1,0,20250606,20250628
IDFM:226253,1,0,1,1,0,1,0,20250602,20250630
IDFM:226270,0,1,0,0,1,1,0,20250603,20250628
IDFM:226599,1,0,1,1,0,0,1,20250602,20250630
IDFM:226620,0,1,0,0,1,0,1,20250603,20250629
IDFM:226929,0,1,0,0,1,1,1,20250603,20250629
IDFM:227371,0,1,0,0,1,0,1,20250603,20250701
IDFM:227395,1,0,1,1,0,0,1,20250602,20250701
IDFM:227416,1,0,1,1,0,0,0,20250602,20250701
IDFM:227474,0,1,0,0,1,0,0,20250603,20250701
IDFM:227493,0,1,0,0,1,1,0,20250603,20250701
IDFM:227546,1,0,1,1,0,1,0,20250602,20250701
IDFM:234832,0,0,0,0,0,1,0,20250607,20250614
IDFM:239561,1,0,0,0,0,0,0,20250616,20250616
IDFM:240200,1,1,1,1,0,0,0,20250602,20250630
IDFM:243189,0,0,0,0,0,1,0,20250628,20250628
IDFM:244415,1,0,0,0,0,0,0,20250616,20250630
IDFM:244980,1,0,0,0,0,0,0,20250602,20250602
IDFM:253745,1,0,0,0,0,0,0,20250602,20250630
IDFM:254313,1,0,0,0,0,0,0,20250602,20250630
IDFM:254371,0,0,0,0,0,0,1,20250608,20250629
IDFM:254400,1,1,1,1,1,0,0,20250602,20250701
IDFM:254424,0,1,1,1,1,1,0,20250603,20250701
IDFM:261975,1,0,0,0,0,0,0,20250609,20250630
IDFM:265417,0,1,1,1,1,1,0,20250603,20250628
IDFM:265687,1,0,0,0,0,0,0,20250609,20250623
IDFM:266793,1,0,1,1,1,0,0,20250602,20250630
IDFM:268039,0,1,1,1,1,0,0,20250603,20250701
IDFM:268204,1,0,0,0,0,0,0,20250609,20250630
IDFM:277397,1,0,1,0,0,0,0,20250602,20250630
IDFM:277974,1,0,0,1,0,0,0,20250602,20250630
IDFM:283206,1,0,0,0,0,0,1,20250602,20250630
IDFM:287237,1,1,1,0,1,0,0,20250602,20250701
IDFM:292069,1,0,0,0,0,0,0,20250602,20250630
IDFM:292839,0,0,0,0,0,1,1,20250607,20250622
IDFM:294449,1,1,1,1,1,0,0,20250616,20250620
IDFM:294452,0,0,0,0,0,1,1,20250621,20250622
IDFM:294527,0,1,1,1,1,1,0,20250617,20250621
IDFM:294609,0,0,0,0,0,1,1,20250607,20250629
IDFM:294610,1,1,1,1,1,0,0,20250602,20250701
IDFM:294684,0,1,1,1,1,1,0,20250603,20250701
IDFM:295400,0,0,0,0,0,0,1,20250608,20250622
IDFM:296002,1,0,0,0,0,0,1,20250602,20250630
IDFM:297059,1,1,0,0,0,0,0,20250623,20250701
IDFM:319393,1,1,0,0,1,0,0,20250602,20250701
IDFM:320347,1,1,1,1,1,1,1,20250602,20250701
IDFM:342687,1,1,1,0,1,1,0,20250602,20250701
IDFM:342701,0,0,0,1,0,0,1,20250605,20250629
IDFM:344594,0,1,1,1,1,1,1,20250603,20250701
IDFM:344595,0,1,1,1,1,1,0,20250603,20250701
IDFM:351870,0,0,0,1,0,0,1,20250605,20250629
IDFM:351871,0,0,1,1,0,0,1,20250604,20250629
IDFM:351883,1,0,0,1,1,0,0,20250602,20250630
IDFM:351893,0,0,1,1,0,1,1,20250604,20250629
IDFM:351905,0,0,1,1,0,1,0,20250604,20250628
IDFM:351980,0,1,0,0,1,1,1,20250603,20250701
IDFM:352006,0,1,0,0,1,0,1,20250603,20250701
IDFM:352111,1,1,0,1,1,1,1,20250602,20250701
IDFM:352115,1,0,0,0,1,1,1,20250602,20250630
IDFM:352116,0,1,1,0,0,0,0,20250603,20250701
IDFM:352121,1,0,0,1,1,1,1,20250602,20250630
IDFM:352124,0,1,1,1,0,0,0,20250603,20250701
IDFM:352126,1,1,0,0,1,1,1,20250602,20250701
IDFM:352156,1,0,1,0,1,0,0,20250602,20250630
IDFM:352177,1,0,1,0,1,1,1,20250602,20250630
IDFM:352180,1,0,0,0,1,0,0,20250602,20250630
IDFM:352205,1,0,0,0,0,1,0,20250614,20250630
IDFM:352207,1,0,0,0,0,1,1,20250614,20250630
IDFM:352208,1,0,0,0,0,0,1,20250615,20250630
IDFM:352209,0,0,0,1,1,0,0,20250612,20250627
IDFM:352210,0,0,0,1,1,1,0,20250612,20250628
IDFM:352973,0,0,0,0,0,0,1,20250608,20250622
IDFM:354441,0,0,1,0,0,0,0,20250618,20250618
IDFM:355268,0,1,1,1,0,0,0,20250603,20250612
IDFM:362333,1,1,1,1,1,0,0,20250602,20250627
IDFM:362344,0,1,1,1,0,0,0,20250602,20250612
IDFM:TN:24889821,0,1,0,0,0,0,0,20250603,20250603
IDFM:TN:24889876,1,1,1,1,1,0,0,20250604,20250701
IDFM:TN:24889882,1,1,1,1,1,1,0,20250604,20250701
IDFM:TN:24889887,1,1,1,1,1,1,1,20250604,20250701
IDFM:TN:24889931,0,0,0,0,0,1,1,20250607,20250629
IDFM:TN:24889933,0,0,0,0,0,1,0,20250607,20250628
IDFM:TN:24890020,1,0,1,1,1,0,0,20250604,20250630
IDFM:TN:24890032,0,1,0,0,0,0,0,20250610,20250701
IDFM:TN:24890091,0,0,0,0,0,1,1,20250607,20250629
IDFM:TN:24890092,0,0,0,0,0,1,0,20250607,20250628
IDFM:TN:24890111,0,0,0,0,0,0,1,20250608,20250622
IDFM:TN:24890112,0,0,0,0,0,0,1,20250608,20250629
IDFM:TN:24890140,0,0,0,0,0,0,1,20250608,20250622
IDFM:TN:24890141,0,0,0,0,0,1,1,20250614,20250615
IDFM:TN:24890143,0,0,0,0,0,1,0,20250614,20250614
IDFM:TN:24890208,0,0,0,0,0,0,1,20250615,20250615
IDFM:TN:24890211,0,0,0,0,0,0,1,20250622,20250622
IDFM:TN:24890294,0,0,0,0,0,1,0,20250607,20250621
IDFM:TN:24890605,1,1,1,1,1,1,1,20250604,20250701
IDFM:TN:24890655,1,1,1,1,1,1,0,20250604,20250701
IDFM:TN:24890661,0,0,0,0,0,1,0,20250607,20250614
IDFM:TN:24890662,0,0,0,0,0,1,0,20250607,20250621
IDFM:TN:24890664,0,0,0,0,0,1,1,20250607,20250622
IDFM:TN:24890687,0,0,0,0,0,1,1,20250607,20250622
IDFM:TN:24890688,0,0,0,0,0,1,0,20250621,20250621
IDFM:TN:24890760,0,0,0,0,0,1,0,20250628,20250628
IDFM:TN:24890761,0,0,0,0,0,1,1,20250628,20250629
IDFM:TN:24890827,0,0,0,0,0,0,1,20250629,20250629
IDFM:TN:24891097,0,0,0,0,0,1,0,20250607,20250628
IDFM:TN:24891100,0,0,0,0,0,0,1,20250608,20250629
IDFM:TN:24891101,0,0,0,0,0,1,0,20250607,20250622
IDFM:TN:24891203,1,0,0,0,0,0,1,20250608,20250630
IDFM:TN:24891205,0,0,0,0,0,1,1,20250608,20250629
IDFM:TN:24891211,0,0,0,0,0,0,1,20250608,20250615
IDFM:TN:24891237,0,0,0,0,0,0,1,20250608,20250615
IDFM:TN:24891430,0,0,0,0,0,1,0,20250609,20250628
IDFM:TN:24891431,0,0,0,0,0,1,1,20250609,20250629
IDFM:TN:24891465,0,0,0,0,0,0,1,20250615,20250629
IDFM:TN:24891548,0,0,0,0,0,0,1,20250608,20250629
IDFM:TN:24891686,0,1,0,0,0,0,0,20250610,20250624
IDFM:TN:24891687,0,1,0,0,0,0,0,20250701,20250701
IDFM:TN:24892061,1,1,1,1,1,0,0,20250610,20250701
IDFM:TN:24892092,0,0,1,1,1,0,0,20250604,20250606
IDFM:TN:24892200,1,1,1,1,1,0,0,20250604,20250701
IDFM:TN:24892203,1,1,1,1,1,0,0,20250604,20250701
IDFM:TN:24892208,1,1,1,1,1,0,0,20250604,20250701
IDFM:TN:24892233,1,1,1,1,1,0,0,20250604,20250701
IDFM:TN:24892244,0,0,0,0,0,1,0,20250607,20250607
IDFM:TN:24892260,0,0,0,0,0,1,1,20250607,20250608
IDFM:TN:24892282,0,0,0,0,0,1,0,20250607,20250621
IDFM:TN:24892284,1,0,0,0,0,0,0,20250609,20250609
IDFM:TN:24892285,0,1,1,1,0,0,0,20250610,20250612
IDFM:TN:24892326,0,1,1,1,1,0,0,20250604,20250627
IDFM:TN:24892331,0,1,1,1,1,0,0,20250604,20250629
IDFM:TN:24892353,0,0,0,0,0,1,0,20250614,20250628
IDFM:TN:24892354,0,0,0,0,0,1,0,20250614,20250628
IDFM:TN:24892410,1,1,0,0,0,0,0,20250630,20250701
IDFM:TN:24892422,0,0,0,0,0,0,1,20250615,20250629
IDFM:TN:24892463,0,1,0,0,0,0,0,20250610,20250610
IDFM:TN:24892465,0,1,0,1,0,0,0,20250610,20250612
IDFM:TN:24892466,0,0,1,1,1,0,0,20250611,20250613
IDFM:TN:24892467,0,0,1,0,0,0,0,20250611,20250611
IDFM:TN:24892468,1,1,1,1,1,0,0,20250616,20250620
IDFM:TN:24892469,0,1,1,1,1,1,0,20250617,20250621
IDFM:TN:24892474,0,1,1,1,1,0,0,20250604,20250620
IDFM:TN:24892479,0,0,1,1,1,1,0,20250604,20250607
IDFM:TN:24892483,0,0,0,0,1,0,0,20250613,20250613
IDFM:TN:24892486,1,1,1,1,1,0,0,20250623,20250627
IDFM:TN:24892487,0,1,0,0,1,0,0,20250624,20250627
IDFM:TN:24892488,0,1,1,1,1,1,0,20250624,20250628
IDFM:TN:24892489,0,0,1,1,0,1,0,20250625,20250628
IDFM:TN:24892496,0,0,0,0,0,0,1,20250608,20250608
IDFM:TN:24892522,0,0,0,0,0,1,1,20250621,20250622
IDFM:TN:24892587,1,0,0,0,0,0,0,20250616,20250616
IDFM:TN:24892588,1,0,0,0,0,0,0,20250623,20250623
IDFM:TN:24892592,1,1,0,0,0,0,0,20250623,20250701
IDFM:TN:24892593,0,0,0,1,0,1,0,20250619,20250621
IDFM:TN:24892594,0,0,0,1,0,0,0,20250619,20250619
IDFM:TN:24892595,0,0,0,0,1,0,0,20250620,20250620
IDFM:TN:24892596,0,0,0,0,1,0,1,20250620,20250622
IDFM:TN:24892609,1,0,0,0,0,0,0,20250623,20250630
IDFM:TN:24892625,1,1,1,1,1,1,1,20250604,20250701
IDFM:TN:24892635,1,1,1,1,1,1,1,20250607,20250701
IDFM:TN:24892651,0,0,0,0,0,1,1,20250607,20250629
IDFM:TN:24892652,1,0,0,0,0,0,1,20250608,20250630
IDFM:TN:24892675,0,0,0,0,1,0,0,20250604,20250621
IDFM:TN:24892676,0,0,0,0,0,1,0,20250607,20250622
IDFM:TN:24892925,1,1,1,1,1,0,0,20250604,20250701
IDFM:TN:24892926,1,1,1,1,1,0,0,20250604,20250701
IDFM:TN:24892927,1,1,1,1,1,0,0,20250604,20250701
IDFM:TN:24892933,0,0,0,0,0,1,0,20250604,20250629
IDFM:TN:24892936,0,0,0,0,0,1,0,20250607,20250628
IDFM:TN:24892941,0,0,0,0,0,1,1,20250607,20250629
IDFM:TN:24892950,0,0,0,0,0,0,1,20250608,20250629
IDFM:TN:24892955,0,0,0,0,0,1,1,20250608,20250629
IDFM:TN:24892957,0,0,0,0,0,0,1,20250622,20250629
IDFM:TN:24893045,1,1,1,1,1,1,1,20250604,20250701
IDFM:TN:24893047,1,1,1,1,1,1,0,20250604,20250701
IDFM:TN:24893048,0,0,0,0,0,1,0,20250604,20250629
IDFM:TN:24893051,0,0,0,0,0,1,0,20250607,20250629
IDFM:TN:24893071,0,0,0,0,0,0,1,20250614,20250622
IDFM:TN:24893081,1,0,0,0,0,0,0,20250616,20250623
IDFM:TN:24893082,0,0,0,0,0,1,0,20250614,20250621
IDFM:TN:24893084,0,0,0,0,0,1,1,20250614,20250622
IDFM:TN:24893091,0,0,0,0,0,0,1,20250615,20250622
IDFM:TN:24893151,0,0,0,0,0,0,1,20250615,20250622
IDFM:TN:24893166,1,1,1,1,1,0,0,20250616,20250701
IDFM:TN:24893362,0,1,1,1,1,0,0,20250604,20250701
IDFM:TN:24893375,1,1,1,1,1,0,0,20250604,20250701
IDFM:TN:24893378,1,1,1,1,1,0,0,20250604,20250701
IDFM:TN:24893403,1,1,1,1,1,0,0,20250604,20250701
IDFM:TN:24893420,0,0,0,0,0,1,1,20250607,20250622
IDFM:TN:24893429,0,1,0,0,0,0,0,20250607,20250701
IDFM:TN:24893472,0,0,1,1,0,0,0,20250604,20250612
IDFM:TN:24893473,0,0,0,0,1,0,0,20250606,20250613
IDFM:TN:24893479,1,1,0,1,0,0,0,20250616,20250619
IDFM:TN:24893480,1,1,1,0,1,0,0,20250616,20250620
IDFM:TN:24893481,0,0,1,0,0,0,0,20250618,20250618
IDFM:TN:24893484,1,0,0,0,0,0,0,20250623,20250630
IDFM:TN:24893485,0,1,1,0,0,0,0,20250624,20250625
IDFM:TN:24893486,0,0,0,0,1,0,0,20250627,20250627
IDFM:TN:24893495,0,1,1,1,1,0,0,20250604,20250701
IDFM:TN:24893546,1,1,1,1,1,0,0,20250604,20250701
IDFM:TN:24893549,1,1,1,1,1,0,0,20250604,20250701
IDFM:TN:24893572,0,1,0,0,0,0,0,20250610,20250701
IDFM:TN:24893573,0,0,0,0,0,1,0,20250614,20250629
IDFM:TN:24893580,0,0,0,0,0,1,1,20250614,20250629
IDFM:TN:24893630,1,1,1,1,1,0,0,20250604,20250701
IDFM:TN:24893634,0,0,0,0,0,0,1,20250608,20250622
IDFM:TN:24893637,1,1,1,1,1,0,0,20250609,20250613
IDFM:TN:24893647,0,0,0,0,0,1,1,20250613,20250629
IDFM:TN:24893663,1,0,0,0,0,0,0,20250607,20250630
IDFM:TN:24893664,0,1,1,1,1,0,0,20250610,20250613
IDFM:TN:24893670,1,1,1,1,1,1,0,20250604,20250701
IDFM:TN:24893872,1,1,1,1,1,1,0,20250604,20250701
IDFM:TN:24893873,1,1,1,0,0,0,0,20250604,20250701
IDFM:TN:24893874,1,0,1,1,1,0,0,20250604,20250701
IDFM:TN:24893876,1,1,1,1,1,0,0,20250604,20250627
IDFM:TN:24893878,0,0,0,1,1,0,0,20250605,20250627
IDFM:TN:24893896,0,1,0,0,0,0,0,20250617,20250624
IDFM:TN:24894143,1,1,1,1,1,0,0,20250604,20250701
IDFM:TN:24894154,0,1,0,0,0,0,0,20250607,20250701
IDFM:TN:24894195,1,1,1,1,1,0,0,20250604,20250701
IDFM:TN:24894197,1,1,1,1,1,0,0,20250604,20250701
IDFM:TN:24894201,0,0,0,0,0,1,0,20250607,20250629
IDFM:TN:24894206,0,0,0,0,0,1,0,20250607,20250629
IDFM:TN:24894218,0,0,0,0,0,1,0,20250621,20250628
IDFM:TN:24894247,0,0,0,0,0,1,1,20250607,20250629
IDFM:TN:24894248,0,0,0,0,0,0,1,20250608,20250629
IDFM:TN:24894257,0,0,1,1,0,0,0,20250604,20250612
IDFM:TN:24894258,0,0,0,0,1,0,0,20250613,20250620
IDFM:TN:24894295,0,0,0,0,0,1,0,20250614,20250622
IDFM:TN:24894331,0,0,0,0,0,1,1,20250614,20250622
IDFM:TN:24894341,0,0,0,0,0,1,0,20250614,20250621
IDFM:TN:24894604,1,1,1,1,1,1,0,20250604,20250701
IDFM:TN:24894607,1,1,1,1,1,1,0,20250607,20250701
IDFM:TN:24894772,0,0,1,0,1,0,0,20250604,20250606
IDFM:TN:24894816,0,0,1,0,0,0,0,20250604,20250604
IDFM:TN:24894826,0,0,1,1,0,0,0,20250604,20250605
IDFM:TN:24894838,1,1,1,1,1,1,1,20250605,20250701
IDFM:TN:24894840,1,1,1,1,1,1,1,20250605,20250701
IDFM:TN:24894841,1,1,1,1,1,1,1,20250606,20250701
IDFM:TN:24894843,1,1,1,1,1,0,1,20250607,20250701
IDFM:TN:24894856,0,0,0,0,0,1,1,20250607,20250629
IDFM:TN:24894861,1,1,0,1,0,1,1,20250607,20250701
IDFM:TN:24894869,1,0,0,0,0,1,1,20250607,20250629
IDFM:TN:24894881,1,1,1,1,1,1,1,20250607,20250701
IDFM:TN:24894903,1,1,1,1,1,1,0,20250607,20250701
IDFM:TN:24894906,1,1,1,1,1,1,1,20250607,20250701
IDFM:TN:24894909,0,1,0,0,0,0,0,20250610,20250701
IDFM:TN:24894912,0,0,0,0,0,1,0,20250614,20250628
IDFM:TN:24895026,1,1,0,0,0,0,0,20250610,20250701
IDFM:TN:24895035,0,1,1,1,1,0,0,20250624,20250627
IDFM:TN:24895112,1,1,1,1,1,1,1,20250606,20250701
IDFM:TN:24895113,1,1,1,1,1,1,1,20250607,20250701
IDFM:TN:24895114,1,1,1,1,1,1,1,20250607,20250701
IDFM:TN:24895117,0,0,0,0,0,0,1,20250607,20250629
IDFM:TN:24895126,1,1,1,1,1,1,1,20250607,20250629
IDFM:TN:24895145,0,0,0,0,0,1,1,20250607,20250629
IDFM:TN:24895150,0,1,0,0,0,0,0,20250624,20250624
IDFM:TN:24895354,0,0,0,0,0,1,1,20250604,20250629
IDFM:TN:24895392,0,0,0,0,0,1,1,20250607,20250701
IDFM:TN:24895457,1,1,1,1,1,1,0,20250607,20250701
IDFM:TN:24895742,1,1,1,1,1,1,1,20250607,20250629
IDFM:TN:24895783,1,1,1,1,1,0,1,20250608,20250701
IDFM:TN:24895878,1,1,1,1,1,1,1,20250604,20250701
IDFM:TN:24895885,1,1,1,1,1,1,1,20250604,20250629
IDFM:TN:24895900,0,0,0,0,0,0,1,20250608,20250629
IDFM:TN:24896032,1,0,0,0,0,1,1,20250604,20250630
IDFM:TN:24896046,0,0,0,0,0,1,1,20250604,20250629
IDFM:TN:24896059,1,1,1,1,1,1,1,20250604,20250630
IDFM:TN:24896066,0,0,0,0,0,1,1,20250604,20250629
IDFM:TN:24896067,1,1,1,1,1,1,1,20250604,20250701
IDFM:TN:24896101,0,1,1,1,1,0,0,20250611,20250701
IDFM:TN:24896146,1,1,1,1,1,0,1,20250604,20250701
IDFM:TN:24896147,1,1,0,1,1,0,0,20250606,20250701
IDFM:TN:24896150,0,0,1,0,1,0,0,20250618,20250620
IDFM:TN:24896153,0,0,0,0,1,0,0,20250606,20250606
IDFM:TN:24896155,1,1,1,1,1,0,1,20250608,20250701
IDFM:TN:24896156,1,1,0,1,0,0,0,20250610,20250701
IDFM:TN:24896214,1,1,1,1,1,1,1,20250604,20250701
IDFM:TN:24896225,0,0,0,0,0,1,1,20250615,20250629
IDFM:TN:24896226,0,1,0,0,0,0,0,20250617,20250617
IDFM:TN:24896284,1,1,1,1,1,1,1,20250604,20250629
IDFM:TN:24896398,1,0,1,1,1,1,1,20250604,20250630
IDFM:TN:24896432,0,1,0,0,0,0,0,20250617,20250701
IDFM:TN:24896472,1,1,1,1,1,1,1,20250604,20250701
IDFM:TN:24896474,0,0,0,0,0,1,1,20250604,20250629
IDFM:TN:24896479,1,1,1,1,1,1,1,20250604,20250701
IDFM:TN:24896482,1,1,1,1,1,1,1,20250604,20250629
IDFM:TN:24896484,0,0,0,0,0,1,1,20250607,20250629
IDFM:TN:24896487,0,0,0,0,0,1,1,20250607,20250629
IDFM:TN:24896597,1,1,1,1,1,1,0,20250604,20250701
IDFM:TN:24896599,1,0,1,1,1,1,1,20250604,20250630
IDFM:TN:24896627,0,1,0,0,0,0,0,20250616,20250701
IDFM:TN:24896798,1,1,1,1,1,1,1,20250604,20250701
IDFM:TN:24896830,1,0,0,0,0,0,1,20250616,20250630
IDFM:TN:24897022,1,1,1,1,1,1,1,20250604,20250701
IDFM:TN:24897074,1,1,1,1,0,1,1,20250604,20250701
IDFM:TN:24897075,1,1,1,1,1,0,0,20250604,20250701
IDFM:TN:24897076,1,1,1,1,1,1,1,20250604,20250701
IDFM:TN:24897079,1,1,1,1,1,1,1,20250604,20250701
IDFM:TN:24897084,1,1,1,1,1,0,0,20250604,20250701
IDFM:TN:24897086,0,0,0,0,0,1,1,20250604,20250629
IDFM:TN:24897087,0,0,0,1,0,0,0,20250605,20250605
IDFM:TN:24897091,0,0,0,0,0,1,1,20250607,20250629
IDFM:TN:24897092,0,0,0,0,0,1,1,20250607,20250629
IDFM:TN:24897093,0,0,0,0,0,0,1,20250607,20250629
IDFM:TN:24897094,0,0,0,0,0,1,1,20250608,20250628
IDFM:TN:24897096,0,1,1,0,0,0,0,20250610,20250611
IDFM:TN:24897097,0,0,0,1,1,0,0,20250612,20250613
IDFM:TN:24897106,1,1,1,1,1,0,0,20250616,20250630
IDFM:TN:24897107,0,1,1,0,0,0,0,20250617,20250618
IDFM:TN:24897110,1,1,0,0,0,0,0,20250623,20250624
IDFM:TN:24897119,0,0,0,0,0,1,1,20250608,20250629
IDFM:TN:24897120,1,0,0,0,0,0,1,20250609,20250630
IDFM:TN:24897123,0,1,0,0,0,0,0,20250624,20250701
IDFM:TN:24897162,0,0,0,0,0,0,1,20250604,20250629
IDFM:TN:24897168,1,1,1,1,1,0,0,20250604,20250701
IDFM:TN:24897170,1,1,1,1,1,1,0,20250604,20250701
IDFM:TN:24897173,1,1,1,1,1,0,0,20250604,20250701
IDFM:TN:24897180,0,0,0,0,0,1,1,20250607,20250629
IDFM:TN:24897182,1,1,1,1,1,1,1,20250607,20250701
IDFM:TN:24897183,0,0,0,0,0,0,1,20250607,20250629
IDFM:TN:24897186,1,1,1,1,1,0,0,20250607,20250701
IDFM:TN:24897187,0,0,0,0,0,1,1,20250607,20250622
IDFM:TN:24897189,1,1,1,1,1,1,1,20250608,20250701
IDFM:TN:24897190,0,0,0,0,0,1,0,20250608,20250628
IDFM:TN:24897197,0,0,0,0,0,1,1,20250614,20250627
IDFM:TN:24897208,1,1,1,1,0,0,0,20250616,20250701
IDFM:TN:24897210,0,0,0,0,1,0,0,20250620,20250627
IDFM:TN:24897259,1,1,1,1,0,0,0,20250604,20250701
IDFM:TN:24897260,1,1,1,1,1,0,0,20250604,20250701
IDFM:TN:24897266,1,1,1,1,1,1,0,20250604,20250701
IDFM:TN:24897267,0,0,1,1,1,0,1,20250604,20250608
IDFM:TN:24897272,1,1,1,1,1,1,0,20250604,20250701
IDFM:TN:24897274,1,1,0,1,1,0,0,20250605,20250701
IDFM:TN:24897280,0,0,0,0,0,1,0,20250607,20250629
IDFM:TN:24897282,1,1,1,1,1,0,0,20250607,20250701
IDFM:TN:24897283,1,1,1,1,1,0,0,20250607,20250701
IDFM:TN:24897284,1,1,1,1,1,1,0,20250607,20250701
IDFM:TN:24897286,1,0,0,1,0,1,1,20250608,20250629
IDFM:TN:24897298,0,0,0,0,0,1,1,20250614,20250625
IDFM:TN:24897335,1,1,1,1,1,0,0,20250610,20250701
IDFM:TN:24897446,1,1,1,1,1,0,1,20250604,20250701
IDFM:TN:24897448,1,1,1,0,1,1,1,20250604,20250701
IDFM:TN:24897451,1,1,1,1,1,0,1,20250604,20250701
IDFM:TN:24897459,1,1,1,1,1,1,0,20250604,20250701
IDFM:TN:24897465,0,0,0,1,0,0,0,20250612,20250626
IDFM:TN:24897499,0,0,0,0,0,0,1,20250609,20250629
IDFM:TN:24897517,1,1,1,1,0,0,0,20250616,20250619
IDFM:TN:24897582,1,1,1,1,1,0,1,20250604,20250701
IDFM:TN:24897583,1,1,1,1,1,0,0,20250604,20250701
IDFM:TN:24897586,1,1,1,1,1,0,1,20250604,20250701
IDFM:TN:24897781,0,1,1,1,1,0,0,20250604,20250701
IDFM:TN:24897785,0,0,0,0,0,0,1,20250607,20250629
IDFM:TN:24897787,0,0,0,0,0,0,1,20250607,20250629
IDFM:TN:24897800,1,0,0,0,0,0,0,20250608,20250701
IDFM:TN:24897846,1,1,1,1,1,1,1,20250604,20250701
IDFM:TN:24897866,0,0,0,0,0,1,1,20250607,20250701
IDFM:TN:24897867,0,0,0,0,0,1,1,20250607,20250629
IDFM:TN:24897872,1,0,0,0,0,0,0,20250608,20250630
IDFM:TN:24897878,1,1,1,1,1,0,0,20250604,20250627
IDFM:TN:24898091,0,0,0,0,0,0,1,20250607,20250701
IDFM:TN:24898214,1,1,1,1,1,0,0,20250604,20250701
IDFM:TN:24898223,1,1,1,1,1,0,0,20250604,20250701
IDFM:TN:24898228,0,0,0,0,0,0,1,20250609,20250629
IDFM:TN:24898502,1,0,0,0,0,0,1,20250609,20250629
IDFM:TN:24898563,1,1,1,1,1,1,1,20250604,20250630
IDFM:TN:24898565,1,1,1,1,1,1,1,20250604,20250701
IDFM:TN:24898566,1,1,1,1,1,0,0,20250604,20250701
IDFM:TN:24898573,1,1,1,1,1,1,1,20250604,20250701
IDFM:TN:24898581,1,1,1,1,1,1,1,20250604,20250701
IDFM:TN:24898591,0,0,0,0,0,1,1,20250607,20250629
IDFM:TN:24898592,0,0,0,0,0,1,1,20250607,20250629
IDFM:TN:24898597,0,0,0,0,0,1,1,20250607,20250629
IDFM:TN:24898710,1,1,1,1,1,1,0,20250604,20250701
IDFM:TN:24898712,1,1,1,1,1,1,1,20250604,20250701
IDFM:TN:24898715,1,1,1,1,1,1,1,20250604,20250629
IDFM:TN:24898722,1,1,1,1,1,0,1,20250604,20250629
IDFM:TN:24898723,0,0,0,0,0,1,1,20250609,20250629
IDFM:TN:24898730,0,0,0,0,0,1,1,20250609,20250701
IDFM:TN:24898731,0,0,0,0,0,1,1,20250609,20250629
IDFM:TN:24899033,1,1,1,1,1,1,1,20250604,20250701
IDFM:TN:24899042,1,0,0,1,0,0,0,20250616,20250619
IDFM:TN:24899126,1,1,1,1,1,1,1,20250604,20250701
IDFM:TN:24899449,1,0,1,1,1,1,0,20250604,20250630
IDFM:TN:24899452,0,0,0,0,0,0,1,20250608,20250629
IDFM:TN:24899709,1,0,0,0,0,0,0,20250610,20250630
IDFM:TN:24900180,0,0,0,0,0,1,1,20250607,20250622
IDFM:TN:24900270,1,1,1,1,1,1,0,20250604,20250701
IDFM:TN:24900282,0,0,0,0,0,1,1,20250614,20250629
IDFM:TN:24900339,1,1,1,1,1,1,1,20250604,20250701
IDFM:TN:24900577,0,0,0,0,1,0,0,20250604,20250701
IDFM:TN:24900599,1,1,1,1,0,0,0,20250616,20250626
IDFM:TN:24900703,0,0,0,0,0,1,0,20250607,20250628
IDFM:TN:24900704,0,0,0,0,0,1,0,20250607,20250628
IDFM:TN:24900705,0,0,0,0,0,1,0,20250607,20250628
IDFM:TN:24900706,0,0,0,0,0,1,0,20250607,20250628
IDFM:TN:24900710,0,0,0,0,0,1,1,20250607,20250628
IDFM:TN:24900720,0,0,0,0,0,1,0,20250607,20250628
IDFM:TN:24900726,0,0,0,0,0,1,1,20250607,20250628
IDFM:TN:24900733,0,0,0,0,0,0,1,20250608,20250629
IDFM:TN:24900734,0,0,0,0,0,0,1,20250608,20250629
IDFM:TN:24900737,0,0,0,0,0,0,1,20250608,20250629
IDFM:TN:24900741,0,0,0,0,0,0,1,20250608,20250629
IDFM:TN:24900742,0,0,0,0,0,0,1,20250608,20250629
IDFM:TN:24900744,1,0,0,0,0,1,0,20250609,20250614
IDFM:TN:24900747,0,0,0,0,0,1,1,20250609,20250629
IDFM:TN:24901202,0,0,1,1,1,1,0,20250604,20250701
IDFM:TN:24901324,0,1,1,1,1,0,0,20250604,20250627
IDFM:TN:24901842,0,0,0,0,0,1,0,20250607,20250628
IDFM:TN:24901848,0,0,0,0,0,1,0,20250607,20250628
IDFM:TN:24901856,0,0,0,0,0,1,1,20250607,20250628
IDFM:TN:24901863,0,0,0,0,0,0,1,20250608,20250629
IDFM:TN:24901865,0,0,0,0,0,0,1,20250608,20250629
IDFM:TN:24902279,0,1,1,1,1,1,1,20250604,20250701
IDFM:TN:24902296,1,1,1,1,1,1,1,20250604,20250701
IDFM:TN:24902298,1,0,0,0,0,0,1,20250608,20250701
IDFM:TN:24902367,0,0,1,1,1,0,0,20250604,20250613
IDFM:TN:24902466,1,0,0,0,0,0,1,20250615,20250630
IDFM:TN:24902467,1,0,0,0,0,0,1,20250615,20250701
IDFM:TN:24902738,0,1,0,0,0,0,0,20250624,20250701
IDFM:TN:24902759,1,1,1,1,1,0,0,20250604,20250701
IDFM:TN:24902835,1,0,0,0,0,1,1,20250607,20250701
IDFM:TN:24902899,1,0,0,0,0,1,1,20250608,20250701
IDFM:TN:24902900,1,1,0,0,0,0,1,20250609,20250701
IDFM:TN:24903150,0,0,1,1,1,1,0,20250604,20250614
IDFM:TN:24903261,1,1,1,1,1,0,0,20250604,20250701
IDFM:TN:24903308,0,0,0,0,0,1,1,20250609,20250629
IDFM:TN:24903577,1,0,0,0,0,1,1,20250607,20250701
IDFM:TN:24903582,1,0,0,0,0,0,1,20250608,20250701
IDFM:TN:24903700,1,1,1,1,1,1,1,20250604,20250701
IDFM:TN:24903705,1,1,0,0,0,0,1,20250608,20250701
IDFM:TN:24903708,1,1,0,0,0,1,1,20250608,20250701
IDFM:TN:24903994,1,1,1,1,1,1,1,20250604,20250701
IDFM:TN:24903995,1,1,1,1,1,1,1,20250604,20250701
IDFM:TN:24904370,0,0,0,0,0,1,1,20250608,20250629
IDFM:TN:24904711,1,1,1,1,1,0,1,20250604,20250701
IDFM:TN:24904741,0,0,0,0,0,1,0,20250609,20250621
IDFM:TN:24904743,0,0,0,0,0,1,1,20250609,20250629
IDFM:TN:24904774,1,0,0,0,0,0,0,20250615,20250630
IDFM:TN:24904872,1,1,1,1,1,0,0,20250604,20250701
IDFM:TN:24904933,1,0,0,0,0,0,0,20250610,20250630
IDFM:TN:24905119,1,1,1,1,1,0,0,20250604,20250701
IDFM:TN:24905120,0,0,0,0,0,1,1,20250607,20250629
IDFM:TN:24905140,0,1,1,1,1,0,0,20250604,20250701
IDFM:TN:24905147,1,0,0,0,0,0,0,20250616,20250630
IDFM:TN:24905259,1,1,1,1,1,0,0,20250604,20250701
IDFM:TN:24905675,0,0,1,1,1,0,0,20250604,20250613
IDFM:TN:24905676,0,0,0,0,0,1,0,20250607,20250614
IDFM:TN:24905677,0,1,1,1,1,0,0,20250617,20250620
IDFM:TN:24905791,1,0,0,0,0,1,1,20250609,20250615
IDFM:TN:24905848,0,0,0,0,0,0,1,20250609,20250629
IDFM:TN:24905869,1,0,0,0,0,0,0,20250610,20250630
IDFM:TN:24906186,1,1,0,1,1,0,0,20250605,20250701
IDFM:TN:24906246,1,1,1,1,0,0,0,20250623,20250626
IDFM:TN:24906256,0,0,1,0,0,0,0,20250625,20250625
IDFM:TN:24906374,0,0,0,0,0,1,0,20250607,20250628
IDFM:TN:24906571,1,1,1,1,0,0,0,20250604,20250701
IDFM:TN:24906581,0,0,0,0,1,0,0,20250606,20250627
IDFM:TN:24906701,0,1,0,0,0,0,0,20250617,20250701
IDFM:TN:24906702,0,0,0,0,0,1,1,20250621,20250629
IDFM:TN:24906802,0,0,0,0,0,1,1,20250609,20250629
IDFM:TN:24906813,0,0,0,0,0,0,1,20250609,20250629
IDFM:TN:24906917,1,1,0,1,1,0,0,20250604,20250701
IDFM:TN:24906990,1,1,0,0,0,0,0,20250616,20250701
IDFM:TN:24907029,0,0,0,1,1,0,0,20250604,20250613
IDFM:TN:24907032,0,0,0,1,1,0,0,20250605,20250613
IDFM:TN:24907033,1,1,1,1,1,0,0,20250605,20250701
IDFM:TN:24907067,1,1,1,0,0,0,0,20250610,20250701
IDFM:TN:24907071,1,1,0,0,0,0,0,20250616,20250701
IDFM:TN:24907292,0,1,1,1,1,0,0,20250604,20250701
IDFM:TN:24907306,0,0,0,0,0,0,1,20250607,20250629
IDFM:TN:24907333,0,0,0,0,0,1,1,20250615,20250629
IDFM:TN:24907414,1,0,0,0,0,0,0,20250610,20250630
IDFM:TN:24907470,0,1,1,1,1,1,0,20250604,20250701
IDFM:TN:24907489,1,0,0,0,0,0,1,20250608,20250630
IDFM:TN:24907649,1,1,1,0,1,0,0,20250604,20250701
IDFM:TN:24907691,0,0,0,1,0,0,0,20250605,20250612
IDFM:TN:24907692,1,1,1,1,1,0,0,20250605,20250701
IDFM:TN:24907717,1,1,1,0,1,0,0,20250606,20250701
IDFM:TN:24907812,1,1,1,1,1,0,0,20250604,20250701
IDFM:TN:24907958,1,0,0,0,0,0,1,20250610,20250630
IDFM:TN:24908065,0,1,1,1,1,0,0,20250604,20250627
IDFM:TN:24908313,1,1,1,1,0,0,0,20250604,20250701
IDFM:TN:24908316,0,1,1,1,1,0,0,20250604,20250627
IDFM:TN:24908323,0,1,1,1,0,0,0,20250604,20250626
IDFM:TN:24908328,0,0,1,1,1,1,0,20250604,20250628
IDFM:TN:24908477,1,0,0,0,0,0,0,20250615,20250630
IDFM:TN:24908480,0,0,0,1,0,1,1,20250619,20250622
IDFM:TN:24908481,0,0,0,0,0,1,0,20250619,20250628
IDFM:TN:24908538,0,0,1,1,1,0,0,20250604,20250623
IDFM:TN:24908553,0,1,0,0,0,0,0,20250624,20250701
IDFM:TN:24908748,0,0,1,1,0,1,0,20250604,20250624
IDFM:TN:24908749,0,0,1,0,1,0,0,20250604,20250623
IDFM:TN:24908761,0,0,1,1,1,1,0,20250625,20250628
IDFM:TN:24908764,0,0,0,0,1,0,0,20250606,20250701
IDFM:TN:24909082,0,1,0,0,0,0,0,20250624,20250701
IDFM:TN:24909086,1,1,1,0,0,0,0,20250616,20250618
IDFM:TN:24909476,1,1,1,1,1,0,0,20250604,20250701
IDFM:TN:24909477,1,1,1,1,1,0,0,20250610,20250701
IDFM:TN:24909530,0,0,0,0,0,0,1,20250614,20250629
IDFM:TN:24909623,0,0,0,0,0,1,1,20250614,20250629
IDFM:TN:24910378,0,0,1,0,0,0,0,20250604,20250623
IDFM:TN:24910382,0,0,0,0,1,0,0,20250606,20250620
IDFM:TN:24910384,0,1,1,1,0,0,0,20250624,20250626
IDFM:TN:24910410,0,0,0,0,1,0,0,20250606,20250623
IDFM:TN:24911136,0,1,0,1,0,0,0,20250619,20250701
IDFM:TN:24911414,0,0,1,1,1,0,0,20250604,20250627
IDFM:TN:24911416,1,1,1,1,1,0,0,20250604,20250701
IDFM:TN:24911426,1,1,1,1,1,0,0,20250604,20250701
IDFM:TN:24911427,0,0,0,0,0,1,0,20250607,20250621
IDFM:TN:24911428,0,0,0,0,0,0,1,20250608,20250629
IDFM:TN:24911429,0,0,0,0,0,0,1,20250608,20250629
IDFM:TN:24911430,1,0,0,0,0,0,0,20250610,20250701
IDFM:TN:24911471,1,1,1,1,1,1,0,20250604,20250701
IDFM:TN:24911477,1,1,1,1,1,0,1,20250604,20250701
IDFM:TN:24911486,1,0,0,0,0,0,1,20250608,20250630
IDFM:TN:24911512,0,0,0,0,1,1,0,20250606,20250627
IDFM:TN:24911514,0,0,0,0,0,1,0,20250607,20250621
IDFM:TN:24911635,0,0,0,0,0,0,1,20250608,20250622
IDFM:TN:24911674,1,0,0,0,0,0,0,20250604,20250701
IDFM:TN:24911675,0,1,1,1,1,0,0,20250610,20250620
IDFM:TN:24911685,0,1,1,1,1,0,0,20250604,20250701
IDFM:TN:24911707,1,1,1,1,1,0,0,20250604,20250701
IDFM:TN:24911719,0,1,1,0,1,0,0,20250604,20250701
IDFM:TN:24911729,0,1,1,1,1,0,0,20250604,20250701
IDFM:TN:24911735,1,1,0,0,0,0,1,20250608,20250701
IDFM:TN:24911738,1,0,1,0,1,0,0,20250623,20250627
IDFM:TN:24911751,1,1,1,1,1,0,0,20250604,20250701
IDFM:TN:24911753,0,0,0,0,0,1,1,20250607,20250629
IDFM:TN:24911771,0,0,1,1,1,0,0,20250604,20250629
IDFM:TN:24911814,0,0,1,1,1,0,0,20250604,20250613
IDFM:TN:24911815,1,1,0,0,0,0,0,20250608,20250701
IDFM:TN:24911823,0,0,1,0,0,0,0,20250604,20250611
IDFM:TN:24911835,0,0,0,1,0,1,0,20250614,20250626
IDFM:TN:24911836,0,0,0,1,0,0,0,20250612,20250626
IDFM:TN:24911876,1,0,0,0,0,0,0,20250616,20250630
IDFM:TN:24911958,1,1,1,1,1,0,1,20250609,20250701
IDFM:TN:24912065,1,1,1,1,1,0,0,20250604,20250630
IDFM:TN:24912066,0,1,1,1,1,0,0,20250610,20250620
IDFM:TN:24912069,0,1,1,1,1,0,0,20250604,20250701
IDFM:TN:24912082,0,1,1,1,1,0,0,20250604,20250701
IDFM:TN:24912106,1,1,1,1,1,1,0,20250604,20250701
IDFM:TN:24912107,0,0,1,1,1,0,0,20250604,20250630
IDFM:TN:24912128,0,0,0,0,0,0,1,20250608,20250622
IDFM:TN:24912138,0,0,0,0,0,0,1,20250608,20250622
IDFM:TN:24912146,0,1,0,0,0,0,0,20250610,20250701
IDFM:TN:24912147,1,0,1,0,1,0,0,20250616,20250627
IDFM:TN:24912158,0,0,1,0,1,0,0,20250604,20250613
IDFM:TN:24912165,0,0,1,1,1,0,0,20250604,20250616
IDFM:TN:24912181,1,0,1,1,1,0,0,20250616,20250620
IDFM:TN:24912187,1,0,0,0,0,0,0,20250630,20250630
IDFM:TN:24912210,1,1,1,1,1,0,0,20250610,20250627
IDFM:TN:24912232,0,1,1,1,1,0,0,20250606,20250627
IDFM:TN:24912288,1,1,1,1,1,0,0,20250604,20250701
IDFM:TN:24912320,0,0,0,0,0,0,1,20250621,20250629
IDFM:TN:24912428,1,1,1,1,1,0,0,20250604,20250701
IDFM:TN:24912446,0,1,1,1,1,1,0,20250604,20250701
IDFM:TN:24912449,0,0,0,0,0,1,1,20250607,20250622
IDFM:TN:24912467,0,0,0,0,0,1,0,20250607,20250628
IDFM:TN:24912500,1,1,1,1,1,0,0,20250604,20250627
IDFM:TN:24912515,1,1,1,1,1,0,0,20250604,20250627
IDFM:TN:24912516,1,1,1,1,1,0,0,20250604,20250701
IDFM:TN:24912518,0,0,0,0,0,0,1,20250607,20250622
IDFM:TN:24912816,0,0,1,1,1,1,0,20250604,20250628
IDFM:TN:24912902,0,1,1,1,1,1,0,20250604,20250628
IDFM:TN:24912928,0,0,0,0,0,0,1,20250607,20250629
IDFM:TN:24912985,0,0,0,0,0,1,1,20250607,20250615
IDFM:TN:24913139,1,0,0,0,0,0,1,20250608,20250616
IDFM:TN:24913201,0,1,1,1,1,1,0,20250604,20250621
IDFM:TN:24913204,1,1,1,1,1,0,0,20250604,20250620
IDFM:TN:24913586,0,1,1,1,1,0,0,20250610,20250621
IDFM:TN:24913590,1,1,1,1,1,0,0,20250604,20250701
IDFM:TN:24913607,0,1,1,1,1,1,0,20250604,20250701
IDFM:TN:24913608,1,1,1,1,1,0,0,20250604,20250701
IDFM:TN:24913612,1,1,1,1,0,0,0,20250609,20250620
IDFM:TN:24913865,0,0,1,1,1,1,0,20250604,20250621
IDFM:TN:24915025,0,1,1,1,1,1,0,20250604,20250701
IDFM:TN:24915160,1,1,0,0,0,0,0,20250609,20250610
IDFM:TN:24915698,1,1,1,1,1,0,1,20250604,20250701
IDFM:TN:24915712,0,1,1,1,1,1,0,20250604,20250701
IDFM:TN:24915713,1,1,1,1,1,1,0,20250604,20250701
IDFM:TN:24915738,0,1,1,1,1,1,0,20250604,20250701
IDFM:TN:24915858,1,1,1,1,1,0,0,20250604,20250701
IDFM:TN:24916053,1,1,1,1,1,1,1,20250604,20250701
IDFM:TN:24916402,0,1,1,1,1,1,0,20250604,20250628
IDFM:TN:24916447,1,1,1,1,1,1,1,20250604,20250701
IDFM:TN:24916505,1,1,1,1,1,0,1,20250604,20250701
IDFM:TN:24916776,1,1,0,0,0,1,0,20250607,20250701
IDFM:TN:24916777,1,1,0,0,0,1,1,20250607,20250701
IDFM:TN:24916783,1,1,0,0,0,0,1,20250608,20250701
IDFM:TN:24917019,1,1,1,1,1,0,0,20250604,20250701
IDFM:TN:24917021,0,0,0,0,1,0,0,20250606,20250628
IDFM:TN:24917023,0,0,0,0,0,1,0,20250607,20250629
IDFM:TN:24917045,0,1,1,1,0,0,0,20250604,20250619
IDFM:TN:24917047,0,1,1,1,1,0,0,20250604,20250620
IDFM:TN:24917048,0,0,0,0,1,0,0,20250606,20250701
IDFM:TN:24917145,1,1,1,1,1,0,0,20250604,20250701
IDFM:TN:24917146,0,1,1,0,0,0,0,20250604,20250701
IDFM:TN:24917152,1,0,0,1,1,0,0,20250605,20250630
IDFM:TN:24917179,0,0,1,1,1,0,0,20250604,20250613
IDFM:TN:24917181,0,1,1,0,0,0,0,20250604,20250701
IDFM:TN:24917182,1,0,0,1,1,0,0,20250605,20250627
IDFM:TN:24917186,1,1,1,1,1,0,0,20250616,20250627
IDFM:TN:24917217,0,0,1,1,1,0,0,20250604,20250613
IDFM:TN:24917222,0,0,1,1,0,0,0,20250604,20250612
IDFM:TN:24917232,1,0,1,1,1,0,0,20250616,20250630
IDFM:TN:24917234,1,1,1,1,0,0,0,20250616,20250701
IDFM:TN:24917235,0,1,0,0,0,0,0,20250617,20250701
IDFM:TN:24917262,0,1,1,1,1,1,0,20250604,20250627
IDFM:TN:24917264,1,1,1,1,1,0,1,20250604,20250627
IDFM:TN:24917266,0,0,1,1,1,1,0,20250604,20250627
IDFM:TN:24917267,1,1,1,1,1,1,0,20250604,20250701
IDFM:TN:24917268,1,1,1,1,1,0,1,20250604,20250701
IDFM:TN:24917275,1,1,0,0,0,0,0,20250610,20250701
IDFM:TN:24917355,0,0,0,0,0,1,1,20250607,20250622
IDFM:TN:24917368,1,0,1,1,1,0,0,20250604,20250630
IDFM:TN:24917402,0,0,0,0,1,0,0,20250613,20250620
IDFM:TN:24917435,0,0,1,1,1,0,0,20250604,20250613
IDFM:TN:24917437,1,1,1,1,1,0,0,20250604,20250701
IDFM:TN:24917443,1,1,0,0,0,0,0,20250609,20250701
IDFM:TN:24917469,1,1,1,1,1,0,0,20250604,20250701
IDFM:TN:24917470,0,0,1,1,1,0,0,20250604,20250613
IDFM:TN:24917474,1,0,1,1,1,0,0,20250604,20250630
IDFM:TN:24917477,0,0,1,0,0,0,0,20250604,20250611
IDFM:TN:24917484,1,1,0,0,0,0,0,20250616,20250701
IDFM:TN:24917488,1,0,0,1,1,0,0,20250616,20250627
IDFM:TN:24917491,0,1,1,0,0,0,0,20250617,20250701
IDFM:TN:24917520,1,1,1,1,1,1,1,20250604,20250627
IDFM:TN:24917587,1,1,1,1,1,1,1,20250604,20250622
IDFM:TN:24917592,0,0,1,1,0,0,0,20250604,20250612
IDFM:TN:24917656,0,0,0,1,1,0,0,20250605,20250606
IDFM:TN:24917693,1,1,0,0,0,0,0,20250610,20250627
IDFM:TN:24917731,0,0,1,0,0,0,0,20250604,20250611
IDFM:TN:24917735,0,1,0,1,1,0,0,20250605,20250627
IDFM:TN:24917844,0,0,0,0,0,1,1,20250607,20250629
IDFM:TN:24917849,0,0,0,0,0,1,0,20250607,20250628
IDFM:TN:24917896,0,0,1,1,1,0,0,20250604,20250620
IDFM:TN:24917916,0,0,0,0,0,1,1,20250607,20250628
IDFM:TN:24917920,0,0,0,0,0,1,1,20250607,20250622
IDFM:TN:24917923,0,0,0,0,0,1,1,20250609,20250622
IDFM:TN:24917924,1,0,0,0,0,0,0,20250610,20250623
IDFM:TN:24917946,1,1,1,1,0,0,0,20250610,20250626
IDFM:TN:24917960,1,1,1,1,1,0,0,20250604,20250627
IDFM:TN:24917970,0,0,1,0,0,0,0,20250604,20250625
IDFM:TN:24918195,1,1,1,1,1,1,0,20250604,20250701
IDFM:TN:24918388,1,0,0,0,0,0,0,20250609,20250630
IDFM:TN:24918662,1,1,1,1,1,0,1,20250604,20250701
IDFM:TN:24918746,0,0,0,0,0,0,1,20250608,20250629
IDFM:TN:24918879,1,1,1,1,1,0,0,20250604,20250701
IDFM:TN:24918880,1,1,1,1,1,0,0,20250604,20250701
IDFM:TN:24918908,1,1,1,1,1,0,0,20250604,20250701
IDFM:TN:24918932,0,0,0,0,0,1,0,20250609,20250628
IDFM:TN:24919089,0,0,0,0,0,1,1,20250607,20250615
IDFM:TN:24831271,1,0,0,0,0,0,0,20250602,20250602
IDFM:TN:24802099,0,0,0,0,0,0,1,20250601,20250601
IDFM:TN:24770330,0,0,0,0,0,1,0,20250531,20250531
IDFM:TN:24710585,0,0,0,0,1,0,0,20250530,20250530
IDFM:TN:24919090,1,1,1,1,1,1,1,20250530,20250701
