service_id,monday,tuesday,wednesday,thursday,friday,saturday,sunday,start_date,end_date
IDFM:1,1,1,1,1,1,0,0,20250303,20250318
IDFM:10,1,1,0,1,1,0,0,20250303,20250318
IDFM:1000,1,1,1,1,1,1,1,20250217,20250318
IDFM:2586,0,1,0,1,0,0,0,20250304,20250318
IDFM:4079,1,0,0,0,0,0,1,20250217,20250317
IDFM:10000,1,1,1,1,1,1,0,20250217,20250318
IDFM:10076,0,0,1,0,0,0,0,20250305,20250312
IDFM:10085,0,0,1,0,0,1,0,20250305,20250315
IDFM:10108,1,1,1,1,1,0,0,20250217,20250318
IDFM:10123,0,0,0,0,0,1,0,20250222,20250315
IDFM:11224,1,1,1,1,1,0,1,20250217,20250318
IDFM:11250,0,0,0,0,1,1,0,20250221,20250315
IDFM:13777,0,0,1,0,1,0,0,20250219,20250314
IDFM:13781,1,1,0,1,0,0,0,20250217,20250318
IDFM:14128,1,0,0,0,0,0,0,20250217,20250317
IDFM:14270,0,1,1,1,1,1,0,20250218,20250318
IDFM:14676,1,1,0,1,1,0,0,20250217,20250318
IDFM:14688,0,0,1,0,0,0,0,20250219,20250312
IDFM:39762,0,1,1,1,1,0,0,20250217,20250318
IDFM:41087,0,0,0,0,0,0,1,20250302,20250316
IDFM:43764,0,1,0,1,1,0,0,20250218,20250228
IDFM:43765,0,1,0,1,1,0,0,20250218,20250318
IDFM:44022,1,0,1,0,0,0,0,20250217,20250317
IDFM:44122,0,1,0,1,1,0,0,20250304,20250318
IDFM:44215,1,0,1,0,0,0,0,20250217,20250226
IDFM:53750,1,1,1,1,1,0,0,20250217,20250309
IDFM:63779,1,1,0,1,0,0,0,20250217,20250227
IDFM:73661,1,0,1,1,1,0,0,20250217,20250228
IDFM:76762,0,0,1,1,0,0,0,20250305,20250313
IDFM:84085,1,1,0,1,0,1,0,20250303,20250318
IDFM:88693,0,0,1,0,0,1,0,20250219,20250301
IDFM:88970,0,0,0,0,1,0,0,20250221,20250314
IDFM:98315,0,0,0,0,1,0,0,20250221,20250309
IDFM:99064,0,0,0,0,1,0,0,20250307,20250314
IDFM:99466,1,1,1,1,0,0,0,20250303,20250318
IDFM:100000,0,0,0,0,0,0,1,20250223,20250316
IDFM:100059,0,0,0,0,0,0,1,20250223,20250316
IDFM:100074,1,1,1,1,1,1,0,20250303,20250318
IDFM:100089,0,0,0,0,0,1,0,20250308,20250315
IDFM:100231,0,0,0,0,0,0,1,20250223,20250316
IDFM:100232,0,0,0,0,1,0,0,20250307,20250314
IDFM:100513,1,1,0,0,0,0,1,20250223,20250318
IDFM:100514,1,1,1,1,0,0,0,20250303,20250318
IDFM:100546,0,0,0,0,0,1,0,20250222,20250301
IDFM:100547,1,1,1,1,1,0,0,20250217,20250228
IDFM:100588,0,0,0,0,1,0,0,20250221,20250228
IDFM:100620,1,1,1,1,0,0,0,20250217,20250227
IDFM:101322,0,1,1,1,0,0,0,20250304,20250318
IDFM:101350,1,0,0,0,0,0,0,20250303,20250317
IDFM:102198,1,0,0,0,1,0,0,20250303,20250317
IDFM:102250,0,1,1,1,1,0,0,20250304,20250318
IDFM:102703,1,1,1,1,0,0,0,20250217,20250318
IDFM:102720,0,0,0,0,0,1,1,20250222,20250316
IDFM:103005,0,0,0,0,1,0,0,20250221,20250314
IDFM:103837,0,0,0,0,0,0,1,20250223,20250302
IDFM:103842,0,0,0,0,0,0,1,20250309,20250316
IDFM:103865,0,0,0,0,0,1,0,20250221,20250315
IDFM:104329,1,1,1,1,0,0,1,20250217,20250318
IDFM:104630,0,0,0,0,0,1,0,20250222,20250315
IDFM:105829,1,1,0,0,0,1,0,20250222,20250318
IDFM:105830,0,0,0,0,0,1,0,20250217,20250315
IDFM:105831,1,1,0,1,0,0,0,20250303,20250318
IDFM:105889,1,1,0,1,0,0,0,20250217,20250318
IDFM:106164,1,1,0,1,0,0,0,20250217,20250318
IDFM:106396,0,0,1,0,1,0,0,20250305,20250314
IDFM:106533,0,0,0,0,1,0,0,20250221,20250314
IDFM:106622,0,0,0,0,0,1,0,20250222,20250315
IDFM:106752,1,1,0,0,0,1,0,20250222,20250318
IDFM:107308,1,1,1,1,1,0,1,20250217,20250302
IDFM:107316,1,1,1,1,0,0,1,20250217,20250302
IDFM:107319,0,0,0,0,0,0,1,20250217,20250316
IDFM:108410,1,1,1,1,0,0,0,20250217,20250318
IDFM:109589,0,0,0,0,0,0,1,20250217,20250316
IDFM:110195,1,1,0,0,0,0,0,20250303,20250304
IDFM:111033,1,1,1,1,0,0,0,20250305,20250318
IDFM:111042,1,1,1,1,1,0,0,20250305,20250318
IDFM:114096,1,1,1,1,0,0,1,20250303,20250318
IDFM:114098,1,0,1,1,0,0,0,20250303,20250317
IDFM:114101,0,1,0,0,0,0,0,20250304,20250318
IDFM:114182,1,0,1,1,0,0,0,20250217,20250317
IDFM:114208,1,1,1,1,0,0,0,20250217,20250318
IDFM:114232,0,1,0,0,0,0,0,20250218,20250318
IDFM:114234,1,0,1,1,0,0,0,20250217,20250317
IDFM:114279,1,0,0,0,0,0,0,20250218,20250317
IDFM:114284,0,1,0,0,0,0,0,20250217,20250318
IDFM:114286,0,1,0,0,1,0,0,20250218,20250228
IDFM:114288,1,0,1,1,0,0,0,20250217,20250227
IDFM:114624,0,1,0,0,1,0,0,20250304,20250318
IDFM:114653,0,1,0,0,1,0,0,20250218,20250318
IDFM:114977,1,1,1,1,0,0,0,20250217,20250318
IDFM:115198,0,0,0,0,1,0,0,20250217,20250314
IDFM:115239,0,1,0,0,1,0,0,20250217,20250318
IDFM:115242,1,0,1,1,1,0,0,20250217,20250317
IDFM:115244,0,1,0,0,0,0,0,20250217,20250318
IDFM:115255,1,1,0,0,1,0,0,20250218,20250318
IDFM:115286,0,0,0,0,1,0,0,20250218,20250314
IDFM:115494,0,0,0,0,0,0,1,20250222,20250316
IDFM:119253,1,1,1,1,1,1,0,20250217,20250301
IDFM:119425,0,0,0,0,0,1,1,20250308,20250316
IDFM:119446,1,1,0,0,0,0,0,20250222,20250318
IDFM:119685,1,1,0,0,0,0,1,20250223,20250318
IDFM:120884,1,1,0,1,1,0,0,20250217,20250228
IDFM:121030,0,0,1,0,0,0,0,20250219,20250226
IDFM:124255,0,0,0,0,0,1,0,20250217,20250315
IDFM:125639,0,0,0,0,0,0,1,20250223,20250223
IDFM:126005,0,0,0,0,0,0,1,20250302,20250316
IDFM:128326,0,0,0,0,0,1,0,20250222,20250316
IDFM:129713,0,0,0,0,0,1,0,20250222,20250222
IDFM:129836,0,0,0,0,0,1,0,20250301,20250301
IDFM:131625,1,1,0,0,0,1,1,20250222,20250318
IDFM:132452,1,1,1,1,0,0,0,20250217,20250227
IDFM:132477,1,1,0,1,1,0,0,20250217,20250318
IDFM:132597,1,1,0,0,1,0,0,20250228,20250318
IDFM:132620,1,1,0,0,1,0,0,20250228,20250318
IDFM:132642,0,0,1,0,0,0,0,20250228,20250312
IDFM:132666,0,0,0,0,1,0,0,20250228,20250228
IDFM:133082,0,0,0,0,0,1,0,20250222,20250315
IDFM:134130,0,0,0,0,0,1,1,20250217,20250316
IDFM:138596,0,0,0,0,0,1,0,20250301,20250315
IDFM:138834,0,0,0,0,0,1,1,20250222,20250316
IDFM:138838,0,0,0,0,0,0,1,20250223,20250316
IDFM:139004,0,0,0,0,0,0,1,20250309,20250309
IDFM:147840,0,0,0,0,0,1,0,20250222,20250315
IDFM:151009,1,1,0,0,0,0,0,20250221,20250318
IDFM:151017,1,1,0,0,1,0,0,20250221,20250318
IDFM:157806,1,1,1,0,0,0,0,20250217,20250226
IDFM:157911,1,0,0,0,0,0,0,20250217,20250224
IDFM:157912,0,0,0,0,0,1,1,20250222,20250302
IDFM:158074,0,0,0,0,1,0,1,20250221,20250302
IDFM:158108,1,0,0,1,0,0,0,20250217,20250227
IDFM:158162,0,1,1,0,0,0,0,20250218,20250226
IDFM:158166,0,0,0,1,0,0,0,20250220,20250227
IDFM:158244,0,1,1,1,0,0,0,20250218,20250227
IDFM:158332,1,0,0,0,0,0,1,20250217,20250302
IDFM:158334,0,1,1,0,1,0,0,20250218,20250228
IDFM:158351,0,0,0,1,0,1,0,20250220,20250301
IDFM:158485,0,0,0,0,1,1,0,20250221,20250301
IDFM:158910,1,1,1,0,1,0,0,20250217,20250228
IDFM:168271,0,0,0,0,0,0,1,20250217,20250316
IDFM:173961,1,1,1,1,1,0,0,20250217,20250318
IDFM:175223,1,1,1,1,1,0,0,20250217,20250318
IDFM:176016,0,1,1,1,1,0,0,20250218,20250228
IDFM:176478,1,1,1,1,1,0,0,20250217,20250228
IDFM:176558,1,1,0,0,0,1,1,20250301,20250318
IDFM:182418,1,1,0,0,0,1,0,20250301,20250318
IDFM:186534,1,1,0,1,1,1,0,20250217,20250318
IDFM:187124,0,0,1,0,0,0,1,20250219,20250316
IDFM:187130,0,0,1,0,0,0,0,20250219,20250315
IDFM:187229,0,0,0,0,0,0,1,20250217,20250316
IDFM:187554,1,1,0,0,0,0,1,20250223,20250318
IDFM:187555,1,1,1,1,1,0,1,20250217,20250318
IDFM:188274,0,0,1,0,0,1,0,20250219,20250315
IDFM:189040,1,1,1,1,0,1,1,20250217,20250318
IDFM:191952,1,1,0,1,0,0,0,20250306,20250318
IDFM:191953,1,1,1,1,1,0,0,20250217,20250318
IDFM:191959,1,1,0,1,1,0,0,20250306,20250318
IDFM:191962,1,1,1,1,0,0,0,20250217,20250318
IDFM:191964,0,0,0,0,0,0,1,20250223,20250316
IDFM:191966,1,1,1,1,0,0,0,20250217,20250318
IDFM:191967,0,0,0,0,0,1,0,20250221,20250315
IDFM:191971,1,1,1,1,0,1,1,20250217,20250318
IDFM:191982,1,1,0,1,1,1,1,20250217,20250318
IDFM:191987,0,0,0,0,0,1,1,20250222,20250316
IDFM:192000,0,0,0,0,1,0,1,20250223,20250316
IDFM:192030,0,0,0,0,0,0,1,20250221,20250316
IDFM:192097,1,1,0,1,1,0,0,20250217,20250318
IDFM:192100,1,1,0,1,0,0,0,20250217,20250318
IDFM:192125,1,1,0,1,0,0,0,20250217,20250318
IDFM:192153,1,1,0,1,1,1,0,20250217,20250318
IDFM:192175,1,1,0,1,0,1,0,20250217,20250318
IDFM:192200,1,1,0,1,0,0,0,20250217,20250318
IDFM:192431,1,1,0,0,0,0,0,20250217,20250225
IDFM:192432,1,1,0,0,0,0,0,20250217,20250225
IDFM:192442,0,0,0,0,0,1,0,20250217,20250315
IDFM:192486,0,0,0,0,1,1,0,20250222,20250315
IDFM:192618,0,0,0,0,1,1,0,20250221,20250315
IDFM:192657,0,0,0,0,1,0,0,20250221,20250314
IDFM:193003,1,1,0,1,0,1,0,20250217,20250318
IDFM:193084,0,0,0,0,0,1,0,20250222,20250318
IDFM:193212,0,0,0,0,0,1,0,20250222,20250318
IDFM:193278,0,0,0,0,0,1,0,20250217,20250315
IDFM:193718,0,0,1,1,1,0,0,20250226,20250228
IDFM:193719,0,0,0,0,1,0,0,20250221,20250221
IDFM:193722,0,1,0,0,0,0,0,20250225,20250225
IDFM:193724,1,0,0,0,0,0,0,20250217,20250224
IDFM:193735,1,1,0,1,0,0,1,20250217,20250318
IDFM:193738,0,0,0,0,0,0,1,20250223,20250316
IDFM:193741,0,0,1,1,0,0,0,20250226,20250227
IDFM:194280,0,0,1,1,1,1,0,20250226,20250301
IDFM:194433,1,1,0,1,0,0,1,20250217,20250318
IDFM:194800,1,1,0,1,1,0,1,20250217,20250318
IDFM:195062,1,1,1,0,0,0,0,20250303,20250305
IDFM:195069,0,0,1,1,1,0,1,20250226,20250302
IDFM:195070,0,0,0,0,0,0,1,20250302,20250302
IDFM:195073,0,0,0,0,1,1,0,20250228,20250301
IDFM:195491,0,0,0,0,0,1,1,20250301,20250302
IDFM:195644,0,0,1,1,0,0,1,20250226,20250302
IDFM:196335,0,0,1,1,1,1,1,20250226,20250302
IDFM:196368,0,0,0,0,1,1,1,20250228,20250302
IDFM:196955,0,0,0,0,0,0,1,20250223,20250318
IDFM:197057,0,0,0,0,1,0,0,20250228,20250314
IDFM:197059,1,1,1,1,1,0,0,20250224,20250318
IDFM:197060,1,1,1,1,0,0,0,20250224,20250318
IDFM:197067,1,1,1,1,1,1,1,20250222,20250318
IDFM:197117,1,1,1,1,1,1,1,20250221,20250318
IDFM:197120,1,1,1,1,0,0,1,20250223,20250318
IDFM:197193,1,1,1,1,1,0,1,20250223,20250318
IDFM:197286,0,0,0,0,1,0,1,20250223,20250316
IDFM:197318,1,1,1,1,1,0,0,20250221,20250318
IDFM:197354,1,1,1,1,0,0,0,20250221,20250318
IDFM:197467,1,1,1,1,1,1,0,20250222,20250318
IDFM:197613,1,1,1,1,0,1,0,20250222,20250318
IDFM:197690,0,0,0,0,1,1,0,20250222,20250315
IDFM:198988,1,1,1,1,0,0,0,20250217,20250220
IDFM:200435,1,1,1,1,1,0,0,20250217,20250221
IDFM:200519,1,1,1,1,1,0,1,20250217,20250318
IDFM:200555,1,1,1,1,0,0,1,20250218,20250318
IDFM:200757,1,1,1,1,1,1,1,20250217,20250318
IDFM:201036,1,1,1,1,0,0,0,20250217,20250318
IDFM:201138,1,1,1,1,0,0,0,20250218,20250318
IDFM:201140,1,1,1,1,1,0,0,20250218,20250318
IDFM:201160,1,1,1,1,0,0,0,20250218,20250318
IDFM:201166,1,1,1,1,0,1,0,20250218,20250318
IDFM:201168,1,1,1,1,1,0,0,20250218,20250318
IDFM:201515,0,0,0,0,0,0,1,20250217,20250316
IDFM:202541,1,0,0,0,0,0,0,20250217,20250224
IDFM:202573,0,0,0,0,1,0,0,20250217,20250314
IDFM:202589,1,1,1,1,1,1,0,20250217,20250318
IDFM:202666,0,0,0,0,1,0,0,20250217,20250314
IDFM:202678,1,1,1,1,1,0,0,20250217,20250318
IDFM:202822,1,1,1,1,0,1,0,20250217,20250318
IDFM:202833,0,0,0,0,0,1,0,20250217,20250315
IDFM:203268,0,0,0,0,0,1,0,20250217,20250315
IDFM:203776,1,1,0,0,1,0,0,20250217,20250318
IDFM:203791,1,1,0,0,0,0,0,20250217,20250318
IDFM:205550,0,1,1,1,0,0,0,20250218,20250228
IDFM:205587,1,1,0,0,0,0,1,20250217,20250318
IDFM:205589,0,0,0,0,0,0,1,20250218,20250316
IDFM:205593,0,0,0,0,1,0,1,20250221,20250316
IDFM:205611,1,1,1,1,0,1,1,20250217,20250318
IDFM:205621,1,1,1,1,0,1,1,20250217,20250318
IDFM:205622,0,0,0,0,0,0,1,20250218,20250316
IDFM:205624,1,1,0,0,1,0,1,20250217,20250318
IDFM:205925,1,1,0,0,1,1,0,20250217,20250318
IDFM:205926,1,1,0,0,0,1,0,20250217,20250318
IDFM:205927,1,1,1,1,0,1,0,20250217,20250318
IDFM:205935,0,0,0,0,0,1,0,20250222,20250315
IDFM:205941,0,0,0,0,0,1,0,20250218,20250315
IDFM:205962,0,0,0,0,1,1,0,20250221,20250315
IDFM:206347,0,0,0,0,0,1,1,20250218,20250316
IDFM:206391,0,0,0,0,1,0,1,20250221,20250316
IDFM:206403,1,1,0,0,1,0,0,20250217,20250318
IDFM:206490,0,0,0,0,1,0,0,20250218,20250314
IDFM:206491,0,0,0,0,1,0,0,20250218,20250314
IDFM:206495,1,1,1,1,0,0,0,20250217,20250318
IDFM:206668,0,0,0,0,0,1,1,20250301,20250316
IDFM:206843,0,0,0,0,1,1,0,20250301,20250315
IDFM:207746,1,1,0,0,0,0,1,20250302,20250318
IDFM:208344,1,1,0,0,0,1,1,20250301,20250318
IDFM:208345,1,1,0,0,0,0,1,20250302,20250318
IDFM:208425,1,1,1,1,0,0,0,20250217,20250227
IDFM:208426,0,0,0,0,1,0,0,20250221,20250228
IDFM:208771,0,0,0,0,0,1,1,20250222,20250223
IDFM:209297,1,1,1,1,0,0,0,20250217,20250227
IDFM:209381,0,0,0,0,1,0,0,20250221,20250228
IDFM:210223,0,0,0,0,0,0,1,20250221,20250316
IDFM:210703,0,0,0,0,1,1,1,20250221,20250316
IDFM:211320,1,1,0,0,0,1,0,20250222,20250318
IDFM:213599,0,0,0,0,1,1,0,20250217,20250315
IDFM:214747,1,1,0,0,0,0,1,20250221,20250318
IDFM:215193,1,1,0,0,0,1,0,20250221,20250318
IDFM:215599,1,1,0,0,0,1,1,20250222,20250318
IDFM:215688,0,0,0,0,0,1,1,20250221,20250316
IDFM:220180,1,1,1,1,0,1,0,20250217,20250318
IDFM:220182,1,1,1,1,0,1,1,20250217,20250318
IDFM:221183,1,1,1,1,0,0,1,20250217,20250318
IDFM:221636,0,0,0,0,0,1,1,20250222,20250316
IDFM:222080,1,1,1,1,0,1,0,20250217,20250318
IDFM:222356,0,0,0,0,1,0,0,20250314,20250314
IDFM:222379,1,1,0,0,0,0,0,20250310,20250318
IDFM:222408,1,1,0,0,0,1,0,20250308,20250318
IDFM:222414,1,1,0,0,0,0,0,20250310,20250318
IDFM:223453,1,1,1,1,1,1,1,20250217,20250302
IDFM:223462,1,1,0,0,0,0,0,20250223,20250318
IDFM:223525,1,1,1,1,0,0,0,20250217,20250306
IDFM:223537,1,1,0,0,0,0,0,20250222,20250318
IDFM:223934,1,1,0,0,0,0,0,20250223,20250318
IDFM:223935,1,1,1,1,0,1,1,20250217,20250302
IDFM:224089,1,1,0,0,0,0,0,20250222,20250318
IDFM:224314,1,1,1,1,1,0,0,20250303,20250307
IDFM:224317,1,1,1,1,0,0,0,20250303,20250306
IDFM:224403,1,1,1,1,1,1,1,20250217,20250307
IDFM:224552,0,0,0,0,0,0,1,20250222,20250318
IDFM:224670,0,0,0,0,0,1,1,20250222,20250307
IDFM:224801,1,1,1,1,1,0,0,20250217,20250307
IDFM:224980,0,0,0,0,1,0,0,20250221,20250315
IDFM:225064,1,1,1,1,1,0,0,20250217,20250307
IDFM:225123,1,1,1,1,1,0,1,20250303,20250318
IDFM:225430,1,1,1,1,0,0,0,20250217,20250318
IDFM:225441,0,0,0,0,0,1,0,20250303,20250315
IDFM:225442,0,0,0,0,0,1,0,20250222,20250315
IDFM:225639,1,1,1,1,1,1,1,20250303,20250318
IDFM:225733,1,1,0,0,0,1,0,20250222,20250318
IDFM:225743,1,1,1,1,1,0,0,20250217,20250318
IDFM:229504,0,0,0,0,1,0,1,20250218,20250316
IDFM:229589,0,0,0,0,0,1,1,20250222,20250316
IDFM:229597,0,0,0,0,1,1,1,20250221,20250316
IDFM:229636,0,0,0,0,0,0,1,20250223,20250316
IDFM:229667,1,1,0,0,0,0,0,20250217,20250318
IDFM:229769,0,0,0,1,0,0,0,20250217,20250313
IDFM:229833,0,0,0,0,0,1,0,20250218,20250315
IDFM:230617,1,1,1,0,0,0,1,20250218,20250318
IDFM:231720,1,1,0,0,0,0,0,20250303,20250318
IDFM:232840,0,0,0,0,1,0,0,20250217,20250314
IDFM:232853,0,0,0,1,1,0,0,20250217,20250314
IDFM:232870,1,1,0,0,0,0,0,20250218,20250318
IDFM:232880,0,1,0,0,0,0,0,20250218,20250225
IDFM:232956,1,1,1,1,1,0,0,20250217,20250318
IDFM:232984,1,1,1,0,0,0,0,20250218,20250318
IDFM:233030,1,1,1,0,0,1,0,20250218,20250318
IDFM:233201,1,1,1,0,1,0,0,20250218,20250318
IDFM:233363,0,0,0,1,0,0,0,20250217,20250313
IDFM:233367,1,1,0,0,1,0,0,20250218,20250318
IDFM:234618,1,1,0,0,0,1,1,20250221,20250318
IDFM:235009,1,1,0,0,1,1,0,20250221,20250318
IDFM:237372,1,1,1,0,1,1,1,20250217,20250318
IDFM:237375,0,0,0,1,0,0,0,20250220,20250313
IDFM:237384,1,1,1,0,0,1,1,20250217,20250318
IDFM:237393,0,1,0,0,0,0,0,20250218,20250318
IDFM:237405,0,0,0,1,1,0,0,20250220,20250314
IDFM:237406,0,0,1,1,1,0,0,20250219,20250314
IDFM:237424,1,0,0,0,0,1,1,20250217,20250317
IDFM:237426,0,0,1,1,0,0,0,20250219,20250313
IDFM:237445,1,1,1,0,0,0,0,20250217,20250318
IDFM:237458,1,0,1,1,1,1,1,20250217,20250317
IDFM:237526,0,1,1,1,1,0,0,20250218,20250318
IDFM:237742,1,0,1,0,0,1,1,20250217,20250317
IDFM:239367,1,1,1,1,0,0,0,20250303,20250313
IDFM:239700,0,0,0,0,1,1,1,20250221,20250302
IDFM:239759,1,1,1,1,0,1,0,20250217,20250301
IDFM:239908,1,1,1,1,0,1,1,20250303,20250316
IDFM:239918,1,1,1,1,1,0,0,20250303,20250314
IDFM:239922,0,0,0,0,1,0,1,20250307,20250316
IDFM:239944,1,1,1,1,0,0,1,20250303,20250316
IDFM:239959,1,1,1,1,1,1,1,20250303,20250316
IDFM:239970,1,1,1,1,1,0,1,20250303,20250316
IDFM:240017,1,1,1,1,0,1,0,20250303,20250315
IDFM:240170,1,1,1,1,1,1,0,20250303,20250315
IDFM:240183,0,0,0,0,1,1,0,20250307,20250315
IDFM:240447,0,0,0,0,1,1,1,20250307,20250316
IDFM:240956,1,1,1,1,0,1,0,20250217,20250315
IDFM:241083,1,1,1,1,1,0,0,20250217,20250314
IDFM:241442,0,0,0,0,1,0,0,20250217,20250314
IDFM:241550,0,0,0,0,1,0,0,20250224,20250314
IDFM:241681,0,0,0,0,0,0,1,20250223,20250309
IDFM:242603,0,0,0,0,0,0,1,20250316,20250316
IDFM:242836,0,0,0,0,0,1,0,20250222,20250316
IDFM:243011,0,0,0,0,0,1,0,20250222,20250315
IDFM:248064,0,0,0,0,0,1,0,20250218,20250315
IDFM:248134,1,0,0,0,0,0,1,20250223,20250317
IDFM:248340,0,0,0,0,0,1,0,20250217,20250315
IDFM:248562,0,0,0,0,0,0,1,20250218,20250316
IDFM:248580,1,0,0,0,0,1,0,20250222,20250317
IDFM:248588,1,0,1,1,0,0,1,20250217,20250317
IDFM:248606,0,0,0,0,0,1,1,20250218,20250316
IDFM:248607,0,0,0,0,0,0,1,20250217,20250316
IDFM:248611,1,0,1,1,0,1,0,20250217,20250317
IDFM:248619,1,0,1,1,0,1,0,20250217,20250317
IDFM:248735,1,0,1,1,0,0,1,20250217,20250317
IDFM:248739,1,0,1,1,0,1,1,20250217,20250317
IDFM:248775,1,0,0,0,0,0,1,20250218,20250317
IDFM:248786,1,0,0,0,0,1,1,20250222,20250317
IDFM:248964,0,1,0,0,0,1,0,20250222,20250318
IDFM:249099,0,1,0,0,1,1,0,20250218,20250318
IDFM:249101,0,1,0,0,1,1,0,20250217,20250318
IDFM:249105,0,1,0,0,0,0,1,20250223,20250318
IDFM:249118,0,1,0,0,0,1,1,20250222,20250318
IDFM:249192,0,1,0,0,1,0,1,20250218,20250318
IDFM:249238,1,1,0,0,1,0,1,20250218,20250318
IDFM:249242,1,1,1,1,0,0,1,20250217,20250318
IDFM:249243,1,1,0,0,1,1,1,20250218,20250318
IDFM:249248,0,1,0,0,1,1,1,20250218,20250318
IDFM:249310,0,1,0,0,0,1,1,20250217,20250318
IDFM:249352,0,1,0,0,0,0,1,20250217,20250318
IDFM:250797,1,1,1,1,1,0,1,20250217,20250318
IDFM:250881,1,1,1,1,1,0,0,20250217,20250228
IDFM:250883,1,1,1,1,1,1,0,20250217,20250318
IDFM:251114,1,1,1,1,0,0,1,20250217,20250318
IDFM:252473,1,1,1,1,0,0,1,20250217,20250318
IDFM:253216,1,1,0,0,0,0,0,20250223,20250318
IDFM:253217,0,0,0,0,0,1,0,20250217,20250315
IDFM:253222,1,1,1,1,1,0,0,20250217,20250318
IDFM:253233,1,1,1,1,1,0,0,20250217,20250318
IDFM:253254,1,1,0,0,0,0,0,20250222,20250318
IDFM:255568,1,1,1,1,1,1,0,20250217,20250318
IDFM:263709,1,0,0,0,0,0,0,20250224,20250224
IDFM:265122,1,0,0,0,0,0,0,20250310,20250317
IDFM:265320,0,1,1,1,1,0,0,20250304,20250314
IDFM:267256,1,0,0,0,0,0,0,20250217,20250217
IDFM:267349,0,1,1,1,1,0,0,20250218,20250221
IDFM:267653,0,1,1,1,0,0,0,20250219,20250318
IDFM:267740,1,0,0,0,0,0,0,20250317,20250317
IDFM:268135,1,0,0,0,0,0,0,20250217,20250310
IDFM:269240,1,0,0,0,0,0,0,20250303,20250303
IDFM:269335,0,0,0,1,1,0,0,20250227,20250228
IDFM:277166,1,1,0,1,1,0,0,20250224,20250318
IDFM:277167,0,0,1,0,0,0,0,20250226,20250312
IDFM:279190,0,1,0,0,0,0,0,20250311,20250318
IDFM:284441,1,1,0,1,1,0,0,20250217,20250318
IDFM:285674,0,1,1,1,1,0,0,20250218,20250318
IDFM:287132,0,1,1,1,1,1,0,20250218,20250301
IDFM:287287,1,0,0,0,0,0,0,20250224,20250303
IDFM:287330,0,1,1,1,1,1,0,20250304,20250318
IDFM:290132,0,0,0,1,0,0,0,20250306,20250313
IDFM:293830,1,0,1,1,1,0,0,20250303,20250317
IDFM:296000,1,0,0,0,0,0,0,20250217,20250317
IDFM:308053,0,0,1,0,0,0,0,20250217,20250312
IDFM:310532,1,0,1,0,0,0,0,20250303,20250317
IDFM:311439,1,0,0,1,0,0,0,20250303,20250317
IDFM:319329,1,0,0,0,0,0,0,20250224,20250317
IDFM:319373,1,0,0,0,0,0,1,20250223,20250317
IDFM:319481,1,1,1,1,1,1,1,20250218,20250318
IDFM:324651,0,1,1,1,0,0,0,20250218,20250227
IDFM:326081,1,1,1,0,1,0,0,20250217,20250318
IDFM:326094,1,0,1,1,1,0,0,20250217,20250317
IDFM:330771,1,0,0,0,0,0,0,20250217,20250317
IDFM:335031,1,0,0,0,0,0,1,20250309,20250317
IDFM:353439,0,1,0,1,0,0,0,20250218,20250318
IDFM:361001,1,1,0,0,1,0,0,20250303,20250318
IDFM:379196,1,1,0,1,1,1,0,20250303,20250318
IDFM:381269,1,1,1,1,1,0,0,20250304,20250318
IDFM:382137,1,1,0,1,1,0,0,20250304,20250318
IDFM:383388,1,1,1,1,1,1,1,20250304,20250318
IDFM:383466,1,1,1,1,1,1,0,20250304,20250318
IDFM:383970,0,0,0,0,0,1,1,20250222,20250316
IDFM:383995,1,1,1,1,1,1,1,20250217,20250318
IDFM:386247,1,1,1,1,1,0,1,20250304,20250318
IDFM:387163,1,1,1,1,1,0,1,20250217,20250318
IDFM:388689,1,1,1,1,1,0,0,20250217,20250303
IDFM:388696,1,1,0,1,1,0,0,20250217,20250303
IDFM:389606,0,0,0,1,0,0,1,20250220,20250316
IDFM:389658,1,1,1,0,1,1,0,20250217,20250318
IDFM:391522,0,1,1,1,1,1,1,20250218,20250318
IDFM:394921,0,0,0,1,1,0,0,20250220,20250228
IDFM:395080,0,0,0,1,1,0,0,20250306,20250314
IDFM:395111,1,1,1,0,0,0,0,20250303,20250318
IDFM:395278,1,1,1,0,1,0,0,20250303,20250318
IDFM:397788,0,0,1,1,0,0,1,20250219,20250316
IDFM:397802,1,0,0,1,1,0,0,20250217,20250317
IDFM:397813,0,0,1,1,0,1,1,20250219,20250316
IDFM:397824,0,0,1,1,0,1,0,20250219,20250315
IDFM:398030,1,1,0,0,1,1,1,20250217,20250318
IDFM:398031,1,0,0,0,1,0,0,20250217,20250317
IDFM:398032,1,0,0,1,1,1,1,20250217,20250317
IDFM:398033,0,1,1,1,0,1,1,20250218,20250318
IDFM:398035,1,1,0,0,1,0,0,20250217,20250318
IDFM:398043,1,0,0,1,1,0,1,20250217,20250317
IDFM:398044,1,1,0,1,1,1,1,20250217,20250318
IDFM:398050,0,1,1,0,0,0,0,20250218,20250318
IDFM:398051,0,1,1,0,0,1,1,20250218,20250318
IDFM:398062,1,0,1,0,1,1,1,20250217,20250317
IDFM:398066,0,1,0,1,0,1,1,20250218,20250318
IDFM:398080,0,1,1,1,0,0,0,20250218,20250318
IDFM:398097,1,0,0,0,1,1,1,20250217,20250317
IDFM:398104,1,0,1,0,1,0,0,20250217,20250317
IDFM:398191,0,0,0,1,1,1,0,20250227,20250301
IDFM:398205,1,1,0,1,1,0,1,20250217,20250318
IDFM:398246,0,0,0,0,0,1,0,20250308,20250308
IDFM:399170,0,0,0,0,0,1,0,20250222,20250315
IDFM:402854,0,0,0,0,0,1,1,20250308,20250309
IDFM:TN:19377963,0,1,0,0,0,0,0,20250218,20250218
IDFM:TN:19377976,0,1,1,1,1,1,0,20250219,20250315
IDFM:TN:19377982,0,1,1,1,1,1,0,20250219,20250318
IDFM:TN:19377985,1,1,1,1,1,0,0,20250219,20250314
IDFM:TN:19377989,1,1,1,1,1,0,0,20250303,20250314
IDFM:TN:19377996,0,0,0,0,0,1,0,20250308,20250308
IDFM:TN:19378005,0,0,0,0,0,0,1,20250309,20250309
IDFM:TN:19378036,1,1,0,0,0,0,0,20250317,20250318
IDFM:TN:19378041,0,1,0,0,0,0,0,20250318,20250318
IDFM:TN:19378245,0,0,1,1,1,1,0,20250219,20250301
IDFM:TN:19378254,0,0,1,1,1,0,0,20250219,20250228
IDFM:TN:19378270,0,1,1,1,1,1,0,20250304,20250315
IDFM:TN:19378338,1,1,1,1,1,0,0,20250219,20250318
IDFM:TN:19378346,0,0,0,0,0,1,1,20250222,20250309
IDFM:TN:19378380,0,0,0,0,0,1,0,20250222,20250308
IDFM:TN:19378417,0,0,0,0,0,0,1,20250223,20250309
IDFM:TN:19378418,0,0,0,0,0,1,0,20250315,20250315
IDFM:TN:19378419,0,0,0,0,0,1,1,20250315,20250316
IDFM:TN:19378549,1,1,1,1,1,0,0,20250219,20250318
IDFM:TN:19378555,1,0,1,1,1,0,0,20250219,20250317
IDFM:TN:19378573,1,1,1,1,1,0,0,20250224,20250228
IDFM:TN:19378574,0,1,0,0,0,0,0,20250304,20250318
IDFM:TN:19378657,0,0,0,0,0,1,1,20250222,20250316
IDFM:TN:19378658,0,0,0,0,0,1,0,20250222,20250315
IDFM:TN:19378747,1,0,1,1,1,0,0,20250224,20250228
IDFM:TN:19378756,0,1,0,0,0,0,0,20250225,20250225
IDFM:TN:19378794,0,0,0,0,0,0,1,20250316,20250316
IDFM:TN:19378924,1,1,1,1,1,1,1,20250219,20250318
IDFM:TN:19378974,1,1,1,1,1,1,0,20250219,20250318
IDFM:TN:19379304,0,0,0,0,0,1,0,20250222,20250315
IDFM:TN:19379305,0,0,0,0,0,1,1,20250222,20250316
IDFM:TN:19379373,1,0,0,0,0,0,1,20250223,20250317
IDFM:TN:19379374,0,0,0,0,0,0,1,20250223,20250316
IDFM:TN:19379567,1,0,1,1,1,0,0,20250219,20250317
IDFM:TN:19379579,0,1,0,0,0,0,0,20250225,20250318
IDFM:TN:19379873,1,1,1,1,1,1,1,20250219,20250318
IDFM:TN:19379915,1,1,1,1,1,0,0,20250303,20250307
IDFM:TN:19380307,1,0,0,0,0,0,1,20250223,20250310
IDFM:TN:19380399,1,1,1,1,1,0,0,20250219,20250318
IDFM:TN:19380811,1,1,1,1,1,0,0,20250219,20250318
IDFM:TN:19380822,0,0,0,0,1,0,0,20250221,20250221
IDFM:TN:19380862,1,0,0,0,0,0,0,20250224,20250224
IDFM:TN:19380873,1,0,0,0,0,0,0,20250317,20250317
IDFM:TN:19380962,0,0,0,0,0,1,1,20250222,20250223
IDFM:TN:19380965,0,0,0,0,0,1,0,20250222,20250222
IDFM:TN:19380988,0,0,0,0,0,0,1,20250223,20250223
IDFM:TN:19381222,0,0,0,0,0,1,0,20250301,20250315
IDFM:TN:19381223,0,0,0,0,0,1,1,20250301,20250309
IDFM:TN:19381225,1,0,0,0,0,0,1,20250302,20250310
IDFM:TN:19381227,0,0,0,0,0,0,1,20250302,20250309
IDFM:TN:19381275,0,0,1,1,1,0,0,20250219,20250221
IDFM:TN:19381280,1,1,1,1,0,0,0,20250219,20250318
IDFM:TN:19381350,1,1,1,1,1,0,0,20250310,20250314
IDFM:TN:19381351,0,1,0,0,0,0,0,20250311,20250318
IDFM:TN:19381352,0,1,1,1,1,0,0,20250311,20250314
IDFM:TN:19381422,1,1,1,1,1,0,0,20250219,20250318
IDFM:TN:19381448,0,1,1,1,1,0,0,20250225,20250228
IDFM:TN:19381449,1,1,1,1,1,0,0,20250225,20250318
IDFM:TN:19381504,1,1,1,1,1,1,1,20250225,20250314
IDFM:TN:19381505,0,0,0,0,0,1,0,20250301,20250308
IDFM:TN:19381513,0,0,0,0,0,1,1,20250301,20250315
IDFM:TN:19381526,0,0,0,0,0,1,1,20250301,20250316
IDFM:TN:19381530,0,0,0,0,0,1,1,20250301,20250316
IDFM:TN:19381573,0,0,1,1,0,0,0,20250219,20250220
IDFM:TN:19381577,0,1,1,1,0,0,0,20250219,20250318
IDFM:TN:19381583,1,1,1,1,1,0,0,20250224,20250307
IDFM:TN:19381586,0,0,1,1,1,1,0,20250226,20250301
IDFM:TN:19381587,0,0,1,1,1,1,0,20250226,20250308
IDFM:TN:19381588,0,1,1,1,1,1,0,20250304,20250308
IDFM:TN:19381612,1,1,1,1,1,0,0,20250219,20250318
IDFM:TN:19381620,0,0,0,0,0,1,0,20250222,20250315
IDFM:TN:19381621,0,0,0,0,0,1,1,20250222,20250316
IDFM:TN:19381632,0,0,0,0,0,1,1,20250221,20250316
IDFM:TN:19381633,1,0,0,0,0,0,1,20250222,20250317
IDFM:TN:19381635,1,0,0,0,0,0,1,20250223,20250317
IDFM:TN:19381644,1,1,1,1,1,1,1,20250219,20250318
IDFM:TN:19381650,0,1,0,1,0,0,0,20250225,20250227
IDFM:TN:19381651,0,0,1,0,1,0,0,20250226,20250228
IDFM:TN:19381660,0,0,0,0,0,1,1,20250301,20250318
IDFM:TN:19381663,0,0,0,0,0,0,1,20250302,20250316
IDFM:TN:19381860,1,1,1,1,1,1,1,20250219,20250318
IDFM:TN:19381863,1,1,1,1,1,0,0,20250221,20250318
IDFM:TN:19381890,1,1,1,1,1,1,1,20250224,20250318
IDFM:TN:19381897,1,0,0,0,0,0,0,20250302,20250317
IDFM:TN:19382159,1,1,1,1,1,1,0,20250219,20250318
IDFM:TN:19382166,0,1,0,0,0,1,1,20250225,20250318
IDFM:TN:19382213,1,1,1,1,0,1,1,20250219,20250318
IDFM:TN:19382230,0,0,0,0,0,1,1,20250301,20250316
IDFM:TN:19382259,1,1,1,1,1,0,0,20250219,20250318
IDFM:TN:19382418,1,1,1,1,1,1,1,20250219,20250318
IDFM:TN:19382432,0,0,0,0,0,0,1,20250222,20250316
IDFM:TN:19382435,0,0,0,0,0,1,0,20250222,20250315
IDFM:TN:19382509,1,1,1,0,0,0,0,20250219,20250318
IDFM:TN:19382511,1,0,1,1,1,0,0,20250219,20250317
IDFM:TN:19382514,0,0,0,1,1,0,0,20250220,20250314
IDFM:TN:19382525,0,0,0,0,0,1,0,20250301,20250316
IDFM:TN:19382531,0,0,0,0,0,0,1,20250302,20250316
IDFM:TN:19383362,1,0,1,1,0,0,0,20250219,20250317
IDFM:TN:19383363,1,1,1,1,1,1,1,20250219,20250318
IDFM:TN:19383367,0,1,0,0,0,1,1,20250225,20250318
IDFM:TN:19383376,0,1,0,0,0,1,1,20250301,20250318
IDFM:TN:19383404,1,1,1,1,1,1,0,20250219,20250318
IDFM:TN:19383406,1,1,1,1,1,0,1,20250219,20250318
IDFM:TN:19383434,1,1,1,1,1,1,0,20250219,20250318
IDFM:TN:19383435,1,1,1,1,1,0,0,20250225,20250318
IDFM:TN:19383436,0,0,0,1,0,0,0,20250227,20250227
IDFM:TN:19383620,1,1,1,1,1,0,0,20250219,20250318
IDFM:TN:19383677,1,1,1,1,1,0,0,20250303,20250318
IDFM:TN:19383735,0,0,1,0,0,0,0,20250219,20250219
IDFM:TN:19383736,0,0,0,1,0,0,0,20250220,20250220
IDFM:TN:19383742,1,1,1,1,0,0,0,20250310,20250313
IDFM:TN:19383743,0,0,0,0,1,0,0,20250314,20250314
IDFM:TN:19383838,1,1,1,1,1,0,0,20250225,20250318
IDFM:TN:19383875,1,1,1,1,1,0,0,20250303,20250318
IDFM:TN:19383882,1,0,0,0,0,0,0,20250224,20250307
IDFM:TN:19383904,1,1,1,1,1,1,0,20250219,20250318
IDFM:TN:19384007,1,1,0,0,0,0,0,20250310,20250318
IDFM:TN:19384021,1,1,1,1,1,0,0,20250219,20250318
IDFM:TN:19384153,1,1,1,1,1,0,0,20250219,20250318
IDFM:TN:19384155,0,0,0,0,0,1,1,20250219,20250316
IDFM:TN:19384269,1,1,1,1,1,1,1,20250219,20250318
IDFM:TN:19384304,1,1,1,1,1,0,0,20250219,20250318
IDFM:TN:19384315,1,1,1,1,1,0,0,20250224,20250318
IDFM:TN:19384317,1,1,1,1,1,0,0,20250224,20250318
IDFM:TN:19384323,1,1,1,1,0,0,0,20250224,20250318
IDFM:TN:19384325,1,1,1,1,1,0,0,20250224,20250318
IDFM:TN:19384333,0,0,0,0,1,0,0,20250228,20250228
IDFM:TN:19384335,1,1,0,0,0,0,0,20250309,20250318
IDFM:TN:19384387,1,1,1,1,1,0,0,20250219,20250318
IDFM:TN:19384510,1,1,1,1,1,1,1,20250219,20250318
IDFM:TN:19384511,0,0,0,0,0,1,1,20250222,20250316
IDFM:TN:19384674,1,1,1,1,1,0,1,20250219,20250318
IDFM:TN:19384675,1,1,1,1,1,0,0,20250219,20250318
IDFM:TN:19384676,1,1,1,1,1,1,1,20250219,20250318
IDFM:TN:19384680,1,1,1,1,1,0,1,20250219,20250318
IDFM:TN:19384682,1,1,1,1,1,0,0,20250219,20250318
IDFM:TN:19384684,1,1,1,1,1,1,1,20250219,20250316
IDFM:TN:19384687,1,1,1,1,1,0,1,20250219,20250316
IDFM:TN:19384691,1,1,1,1,1,1,1,20250219,20250316
IDFM:TN:19384700,1,1,1,1,1,1,1,20250219,20250316
IDFM:TN:19384702,1,1,1,1,1,1,1,20250219,20250316
IDFM:TN:19384718,1,1,1,1,1,0,1,20250219,20250316
IDFM:TN:19384725,1,1,1,1,1,0,0,20250219,20250318
IDFM:TN:19384731,0,0,0,0,0,0,1,20250219,20250316
IDFM:TN:19384734,1,1,1,1,1,0,1,20250219,20250316
IDFM:TN:19384735,1,1,1,1,1,0,0,20250219,20250314
IDFM:TN:19384738,1,1,1,1,1,1,1,20250219,20250316
IDFM:TN:19384751,1,1,1,1,1,0,0,20250219,20250318
IDFM:TN:19384752,1,1,1,1,1,1,1,20250219,20250316
IDFM:TN:19384753,0,0,0,0,0,1,0,20250222,20250301
IDFM:TN:19384762,0,0,0,0,0,1,0,20250301,20250318
IDFM:TN:19384763,0,0,0,0,0,1,0,20250301,20250301
IDFM:TN:19384764,0,0,0,0,0,0,1,20250302,20250302
IDFM:TN:19384767,0,0,0,0,0,0,1,20250309,20250318
IDFM:TN:19384971,1,1,1,1,1,0,0,20250219,20250316
IDFM:TN:19384972,1,1,1,1,1,0,0,20250219,20250316
IDFM:TN:19384980,1,1,1,1,1,0,0,20250219,20250318
IDFM:TN:19384983,1,1,1,1,1,0,0,20250219,20250315
IDFM:TN:19384988,1,0,1,1,1,0,0,20250219,20250316
IDFM:TN:19384995,1,1,1,1,1,0,0,20250219,20250316
IDFM:TN:19385035,1,1,1,1,1,0,0,20250219,20250316
IDFM:TN:19385040,1,1,1,1,1,0,0,20250219,20250316
IDFM:TN:19385049,1,1,1,1,1,0,0,20250219,20250314
IDFM:TN:19385050,1,1,1,1,1,0,0,20250219,20250316
IDFM:TN:19385051,1,1,1,1,1,0,0,20250224,20250314
IDFM:TN:19385052,1,1,0,1,1,0,0,20250224,20250314
IDFM:TN:19385053,0,1,0,0,0,0,0,20250225,20250311
IDFM:TN:19385056,0,0,0,0,0,0,1,20250309,20250316
IDFM:TN:19385057,0,0,0,0,0,0,1,20250309,20250316
IDFM:TN:19385231,1,1,1,1,1,0,0,20250219,20250318
IDFM:TN:19385237,0,0,0,0,0,0,1,20250222,20250309
IDFM:TN:19385238,0,0,0,0,0,1,1,20250222,20250309
IDFM:TN:19385242,0,0,0,0,0,1,1,20250222,20250302
IDFM:TN:19385245,0,0,0,0,0,1,1,20250222,20250309
IDFM:TN:19385252,0,0,0,0,0,1,1,20250222,20250309
IDFM:TN:19385254,0,0,0,0,0,0,1,20250222,20250309
IDFM:TN:19385258,0,0,0,0,0,0,1,20250222,20250302
IDFM:TN:19385259,0,0,0,0,0,1,0,20250222,20250308
IDFM:TN:19385272,0,0,0,0,0,0,1,20250223,20250309
IDFM:TN:19385273,0,0,0,0,0,0,1,20250223,20250302
IDFM:TN:19385276,0,0,0,0,0,1,1,20250301,20250302
IDFM:TN:19385301,0,0,0,0,0,1,0,20250301,20250308
IDFM:TN:19385344,0,0,1,1,1,0,0,20250226,20250309
IDFM:TN:19385425,1,1,1,1,1,0,0,20250219,20250318
IDFM:TN:19385429,1,1,1,1,1,0,0,20250220,20250318
IDFM:TN:19385437,1,1,1,1,1,0,0,20250220,20250318
IDFM:TN:19385438,1,1,0,1,1,0,0,20250220,20250318
IDFM:TN:19385541,1,1,1,1,0,0,0,20250219,20250318
IDFM:TN:19385568,1,1,1,1,1,0,0,20250219,20250307
IDFM:TN:19385579,1,1,1,1,1,0,0,20250219,20250318
IDFM:TN:19385588,0,1,1,1,0,0,0,20250220,20250306
IDFM:TN:19385594,0,0,0,0,1,0,0,20250221,20250228
IDFM:TN:19385595,1,0,0,0,1,0,0,20250221,20250318
IDFM:TN:19385663,1,1,1,1,1,0,0,20250220,20250318
IDFM:TN:19385668,1,1,1,1,1,0,0,20250220,20250307
IDFM:TN:19385679,0,0,0,0,0,1,1,20250222,20250309
IDFM:TN:19385698,0,0,0,0,0,1,1,20250222,20250308
IDFM:TN:19385705,0,0,0,0,0,1,1,20250222,20250308
IDFM:TN:19385709,0,0,0,0,0,1,0,20250222,20250308
IDFM:TN:19385710,0,0,0,0,0,0,1,20250223,20250308
IDFM:TN:19385718,0,0,0,0,0,1,1,20250308,20250309
IDFM:TN:19385757,0,0,0,0,0,0,1,20250223,20250302
IDFM:TN:19385768,1,1,0,0,0,0,0,20250224,20250225
IDFM:TN:19385770,1,1,1,1,1,0,0,20250221,20250314
IDFM:TN:19385775,1,1,1,1,1,0,0,20250221,20250318
IDFM:TN:19385818,0,0,1,1,1,0,1,20250219,20250302
IDFM:TN:19385826,0,0,1,1,1,1,1,20250219,20250302
IDFM:TN:19385828,0,0,1,1,1,0,0,20250219,20250228
IDFM:TN:19385831,0,0,1,1,1,1,1,20250219,20250302
IDFM:TN:19385840,0,0,0,0,0,1,1,20250222,20250303
IDFM:TN:19385864,1,1,1,1,1,0,1,20250303,20250309
IDFM:TN:19385876,0,1,1,1,1,1,1,20250304,20250309
IDFM:TN:19385880,0,0,0,0,0,1,1,20250308,20250316
IDFM:TN:19385881,1,1,0,0,0,1,1,20250308,20250318
IDFM:TN:19385886,1,1,0,0,0,1,0,20250308,20250318
IDFM:TN:19385893,1,1,0,0,0,0,0,20250310,20250318
IDFM:TN:19385895,1,1,0,0,0,0,0,20250310,20250318
IDFM:TN:19385958,1,1,1,1,1,0,0,20250219,20250318
IDFM:TN:19385972,1,1,1,1,0,0,0,20250224,20250227
IDFM:TN:19386027,1,1,1,1,1,1,1,20250219,20250317
IDFM:TN:19386039,1,1,1,1,1,1,1,20250219,20250318
IDFM:TN:19386089,1,1,1,1,1,1,0,20250219,20250318
IDFM:TN:19386217,1,1,1,1,1,1,1,20250219,20250318
IDFM:TN:19386218,1,1,1,1,1,1,0,20250219,20250318
IDFM:TN:19386220,1,1,1,1,1,1,1,20250219,20250318
IDFM:TN:19386221,1,1,1,1,1,0,0,20250219,20250318
IDFM:TN:19386222,1,0,1,1,1,1,1,20250219,20250318
IDFM:TN:19386223,1,1,1,1,1,1,1,20250219,20250318
IDFM:TN:19386236,1,1,1,1,0,0,1,20250219,20250318
IDFM:TN:19386238,0,0,0,0,1,0,0,20250221,20250302
IDFM:TN:19386245,0,1,0,0,0,0,0,20250304,20250304
IDFM:TN:19386258,0,1,0,0,0,0,0,20250311,20250311
IDFM:TN:19386299,0,1,0,1,0,0,0,20250219,20250306
IDFM:TN:19386304,1,1,1,1,0,0,0,20250219,20250318
IDFM:TN:19386305,1,1,1,1,1,0,0,20250219,20250318
IDFM:TN:19386306,1,1,1,1,1,0,0,20250219,20250318
IDFM:TN:19386312,1,0,1,0,1,0,0,20250221,20250307
IDFM:TN:19386315,0,0,0,0,0,1,0,20250222,20250307
IDFM:TN:19386317,0,1,0,0,0,1,1,20250222,20250318
IDFM:TN:19386330,1,1,0,0,0,1,0,20250308,20250318
IDFM:TN:19386342,1,1,0,0,0,0,0,20250310,20250318
IDFM:TN:19386345,1,0,0,1,1,0,0,20250303,20250307
IDFM:TN:19386352,0,1,1,0,0,0,0,20250304,20250305
IDFM:TN:19386390,1,1,1,1,1,0,0,20250219,20250318
IDFM:TN:19386394,1,1,1,1,1,1,1,20250219,20250318
IDFM:TN:19386399,0,1,1,1,0,0,0,20250219,20250306
IDFM:TN:19386407,1,0,0,0,1,0,0,20250221,20250318
IDFM:TN:19386423,0,0,0,0,0,1,1,20250224,20250316
IDFM:TN:19386489,0,1,1,1,1,0,0,20250219,20250307
IDFM:TN:19386500,0,0,1,0,1,0,0,20250219,20250228
IDFM:TN:19386503,0,0,0,1,0,0,0,20250220,20250227
IDFM:TN:19386522,1,0,0,0,0,0,0,20250310,20250317
IDFM:TN:19386703,1,1,1,1,1,0,0,20250219,20250307
IDFM:TN:19386705,1,1,1,1,1,0,1,20250219,20250318
IDFM:TN:19386713,0,0,1,0,1,0,0,20250219,20250221
IDFM:TN:19386717,0,1,1,1,1,0,0,20250219,20250307
IDFM:TN:19386722,1,0,1,1,1,0,0,20250219,20250307
IDFM:TN:19386723,1,1,1,1,1,0,0,20250219,20250307
IDFM:TN:19386728,1,1,1,1,1,0,0,20250219,20250309
IDFM:TN:19386733,1,1,1,1,1,0,0,20250219,20250308
IDFM:TN:19386736,1,1,1,1,1,0,0,20250219,20250309
IDFM:TN:19386748,0,0,0,1,0,0,0,20250220,20250228
IDFM:TN:19386755,1,1,0,0,0,1,1,20250222,20250318
IDFM:TN:19386776,0,0,0,0,0,1,0,20250222,20250308
IDFM:TN:19386789,1,0,0,0,0,0,0,20250224,20250303
IDFM:TN:19386830,1,1,0,0,0,0,1,20250309,20250318
IDFM:TN:19386862,0,1,0,0,0,0,0,20250311,20250318
IDFM:TN:19386958,1,1,1,1,1,0,1,20250219,20250318
IDFM:TN:19386960,1,1,1,1,1,1,0,20250219,20250318
IDFM:TN:19386961,1,0,1,1,1,1,1,20250219,20250318
IDFM:TN:19386963,1,1,1,1,1,1,1,20250219,20250318
IDFM:TN:19386966,1,1,1,1,1,1,0,20250219,20250318
IDFM:TN:19386986,1,1,1,1,1,1,1,20250219,20250318
IDFM:TN:19386991,1,1,1,1,1,1,1,20250220,20250318
IDFM:TN:19387008,0,1,0,0,0,0,0,20250225,20250311
IDFM:TN:19387120,1,1,1,1,1,1,1,20250219,20250318
IDFM:TN:19387175,1,1,1,1,1,0,0,20250219,20250318
IDFM:TN:19387176,1,0,1,1,1,0,0,20250219,20250316
IDFM:TN:19387180,1,1,1,1,1,0,0,20250219,20250318
IDFM:TN:19387188,0,0,0,1,1,0,0,20250220,20250221
IDFM:TN:19387191,1,1,1,1,1,0,0,20250222,20250317
IDFM:TN:19387195,0,0,0,0,0,1,0,20250222,20250316
IDFM:TN:19387203,1,1,1,1,1,0,0,20250224,20250317
IDFM:TN:19387204,0,1,1,0,0,0,0,20250225,20250226
IDFM:TN:19387224,0,1,0,0,0,0,0,20250310,20250318
IDFM:TN:19387232,0,0,0,0,0,0,1,20250223,20250316
IDFM:TN:19387235,1,0,0,0,0,0,0,20250303,20250310
IDFM:TN:19387236,1,1,1,1,0,0,0,20250303,20250306
IDFM:TN:19387238,0,0,0,0,1,0,0,20250307,20250307
IDFM:TN:19387241,0,1,0,0,0,0,0,20250311,20250318
IDFM:TN:19387281,1,1,1,1,1,0,0,20250219,20250318
IDFM:TN:19387284,0,0,0,0,0,1,1,20250219,20250316
IDFM:TN:19387286,1,1,1,1,1,0,0,20250219,20250318
IDFM:TN:19387289,1,1,1,1,1,0,0,20250219,20250318
IDFM:TN:19387300,1,1,1,1,1,0,0,20250222,20250318
IDFM:TN:19387389,1,1,1,1,1,0,0,20250219,20250318
IDFM:TN:19387390,1,1,1,1,1,0,0,20250219,20250318
IDFM:TN:19387399,0,0,1,1,1,1,1,20250219,20250223
IDFM:TN:19387402,1,1,1,0,0,0,0,20250219,20250318
IDFM:TN:19387405,0,0,0,1,0,0,0,20250220,20250314
IDFM:TN:19387419,1,1,1,1,1,0,0,20250224,20250318
IDFM:TN:19387424,0,0,0,0,0,0,1,20250301,20250309
IDFM:TN:19387429,0,0,0,0,0,1,0,20250301,20250309
IDFM:TN:19387440,0,0,0,0,0,0,1,20250302,20250309
IDFM:TN:19387515,1,1,1,1,1,0,0,20250219,20250318
IDFM:TN:19387530,1,1,1,1,1,0,1,20250219,20250318
IDFM:TN:19387587,1,1,1,1,1,0,0,20250219,20250317
IDFM:TN:19387588,1,0,1,0,1,0,0,20250219,20250317
IDFM:TN:19387600,0,0,1,1,0,0,1,20250219,20250316
IDFM:TN:19387601,0,0,0,1,0,0,0,20250220,20250306
IDFM:TN:19387647,0,0,1,1,1,1,0,20250219,20250222
IDFM:TN:19387649,0,1,1,1,1,1,0,20250225,20250301
IDFM:TN:19387722,1,1,1,1,1,0,0,20250219,20250318
IDFM:TN:19387723,1,1,1,1,1,1,0,20250219,20250318
IDFM:TN:19387759,0,0,0,0,0,1,1,20250222,20250316
IDFM:TN:19387761,0,0,0,0,0,0,1,20250223,20250316
IDFM:TN:19387918,1,1,1,1,1,1,1,20250222,20250318
IDFM:TN:19387920,1,0,0,0,0,0,0,20250223,20250317
IDFM:TN:19387989,0,0,0,0,0,1,1,20250222,20250316
IDFM:TN:19388169,1,1,1,1,1,1,1,20250222,20250318
IDFM:TN:19388257,0,0,0,0,0,1,1,20250222,20250316
IDFM:TN:19388357,0,0,0,0,0,1,1,20250222,20250316
IDFM:TN:19388436,1,1,1,1,1,0,1,20250219,20250318
IDFM:TN:19388462,1,1,1,1,1,0,1,20250219,20250316
IDFM:TN:19388529,0,0,0,0,0,1,0,20250308,20250315
IDFM:TN:19388570,1,0,0,0,0,0,0,20250310,20250310
IDFM:TN:19388640,1,0,1,1,1,1,1,20250219,20250317
IDFM:TN:19388666,0,0,1,1,1,1,1,20250219,20250316
IDFM:TN:19388668,0,0,0,0,0,1,1,20250221,20250316
IDFM:TN:19388760,1,1,1,1,1,1,1,20250219,20250318
IDFM:TN:19388878,0,0,0,0,0,1,0,20250221,20250315
IDFM:TN:19388932,0,1,1,1,1,0,0,20250219,20250307
IDFM:TN:19389325,1,0,1,1,1,1,0,20250219,20250317
IDFM:TN:19389749,1,1,1,1,1,1,1,20250219,20250318
IDFM:TN:19389790,0,1,1,1,1,0,0,20250304,20250307
IDFM:TN:19390067,0,0,0,0,0,1,1,20250222,20250318
IDFM:TN:19390149,0,0,0,0,0,1,1,20250222,20250316
IDFM:TN:19390246,0,0,0,0,0,1,1,20250222,20250315
IDFM:TN:19390452,0,0,0,0,1,0,0,20250219,20250318
IDFM:TN:19390474,1,1,1,1,0,0,0,20250224,20250306
IDFM:TN:19390533,0,0,0,0,0,1,0,20250222,20250302
IDFM:TN:19390630,0,0,0,0,0,1,1,20250222,20250318
IDFM:TN:19390702,1,1,1,1,1,0,0,20250219,20250318
IDFM:TN:19390836,1,0,0,0,0,0,1,20250223,20250318
IDFM:TN:19390937,1,0,0,0,0,0,1,20250309,20250317
IDFM:TN:19390950,1,0,0,0,0,0,1,20250310,20250316
IDFM:TN:19391133,0,0,0,0,0,0,1,20250223,20250315
IDFM:TN:19391318,1,0,0,0,0,0,1,20250223,20250303
IDFM:TN:19391420,1,1,1,1,1,0,0,20250219,20250318
IDFM:TN:19391421,0,0,1,1,0,0,1,20250219,20250316
IDFM:TN:19391448,0,0,0,0,0,1,1,20250301,20250316
IDFM:TN:19391536,1,1,1,1,1,1,0,20250219,20250318
IDFM:TN:19391850,1,1,0,0,0,0,1,20250223,20250318
IDFM:TN:19392264,1,1,0,0,0,1,1,20250301,20250318
IDFM:TN:19392414,0,0,0,0,0,1,0,20250222,20250308
IDFM:TN:19392457,1,0,0,0,0,0,1,20250223,20250318
IDFM:TN:19392805,0,0,1,1,1,0,0,20250219,20250301
IDFM:TN:19392808,0,0,1,1,0,0,0,20250219,20250228
IDFM:TN:19392823,0,1,1,0,1,1,0,20250311,20250315
IDFM:TN:19392825,0,0,0,1,0,0,0,20250313,20250313
IDFM:TN:19392844,0,0,0,0,0,1,0,20250301,20250315
IDFM:TN:19392979,1,1,1,1,1,0,0,20250219,20250318
IDFM:TN:19393077,1,1,1,1,1,0,0,20250219,20250314
IDFM:TN:19393081,0,0,0,0,0,0,1,20250222,20250316
IDFM:TN:19393124,0,0,0,0,0,1,1,20250221,20250318
IDFM:TN:19393127,1,0,0,0,0,0,1,20250222,20250318
IDFM:TN:19393425,0,1,1,1,1,1,0,20250219,20250315
IDFM:TN:19393450,1,0,0,0,0,0,1,20250222,20250317
IDFM:TN:19393810,1,1,1,1,1,0,1,20250219,20250318
IDFM:TN:19393812,1,1,1,1,1,0,0,20250219,20250318
IDFM:TN:19393871,0,0,0,0,0,1,0,20250222,20250318
IDFM:TN:19393906,1,0,0,0,0,0,0,20250302,20250317
IDFM:TN:19394059,1,1,1,1,1,1,0,20250219,20250318
IDFM:TN:19394130,1,1,1,1,1,0,1,20250219,20250316
IDFM:TN:19394229,1,1,1,1,1,0,0,20250219,20250307
IDFM:TN:19394247,0,1,1,1,1,1,0,20250311,20250315
IDFM:TN:19394700,1,1,1,1,1,0,0,20250219,20250318
IDFM:TN:19394716,0,0,0,0,0,1,1,20250219,20250316
IDFM:TN:19394731,0,0,0,0,0,1,1,20250223,20250316
IDFM:TN:19394915,0,1,1,1,1,0,0,20250219,20250318
IDFM:TN:19394929,0,0,0,0,0,0,1,20250222,20250316
IDFM:TN:19394961,1,1,1,1,0,0,0,20250219,20250306
IDFM:TN:19394962,0,0,0,0,1,0,0,20250221,20250307
IDFM:TN:19394977,1,1,1,1,0,0,0,20250219,20250314
IDFM:TN:19394999,0,0,0,0,1,0,0,20250221,20250314
IDFM:TN:19395076,1,0,0,0,0,0,0,20250224,20250317
IDFM:TN:19395295,0,1,1,1,1,0,0,20250219,20250315
IDFM:TN:19395605,1,1,1,1,1,0,0,20250219,20250318
IDFM:TN:19395612,0,0,0,0,0,1,1,20250222,20250315
IDFM:TN:19395730,1,0,0,0,0,0,1,20250223,20250317
IDFM:TN:19395862,0,1,1,1,1,0,0,20250219,20250318
IDFM:TN:19395979,1,1,1,1,0,0,0,20250219,20250318
IDFM:TN:19395990,1,1,1,1,0,0,0,20250219,20250318
IDFM:TN:19395991,0,0,0,0,1,0,0,20250221,20250313
IDFM:TN:19396226,0,1,1,1,1,1,0,20250219,20250315
IDFM:TN:19396471,0,0,1,1,0,0,0,20250219,20250227
IDFM:TN:19396798,1,1,1,1,0,0,0,20250219,20250318
IDFM:TN:19396808,0,0,0,0,1,0,0,20250221,20250314
IDFM:TN:19397368,0,0,1,1,0,0,0,20250219,20250228
IDFM:TN:19397584,1,0,0,0,0,0,0,20250303,20250310
IDFM:TN:19397585,1,0,0,0,0,0,0,20250303,20250310
IDFM:TN:19397588,0,1,0,0,0,0,0,20250304,20250311
IDFM:TN:19397591,0,1,0,0,0,0,0,20250311,20250318
IDFM:TN:19397592,0,1,0,0,0,0,0,20250311,20250318
IDFM:TN:19397928,0,0,1,1,1,0,0,20250219,20250301
IDFM:TN:19398113,1,1,1,1,0,0,0,20250303,20250318
IDFM:TN:19398917,0,0,1,1,0,0,0,20250219,20250227
IDFM:TN:19398928,0,0,1,1,1,0,0,20250219,20250228
IDFM:TN:19398969,1,0,0,0,0,0,0,20250303,20250303
IDFM:TN:19399096,1,1,1,1,0,0,0,20250303,20250318
IDFM:TN:19399424,0,1,1,1,1,1,0,20250304,20250318
IDFM:TN:19399653,1,1,0,0,0,0,0,20250301,20250318
IDFM:TN:19399713,0,0,0,0,0,1,1,20250301,20250316
IDFM:TN:19399757,0,0,0,0,1,0,0,20250307,20250314
IDFM:TN:19400822,0,0,0,0,0,0,1,20250302,20250316
IDFM:TN:19402430,1,0,0,0,0,0,0,20250301,20250310
IDFM:TN:19402440,0,1,0,0,0,0,0,20250311,20250318
IDFM:TN:19402458,1,0,0,0,0,0,0,20250302,20250310
IDFM:TN:19403152,0,0,0,0,0,1,1,20250219,20250318
IDFM:TN:19403157,1,1,1,1,1,0,1,20250219,20250318
IDFM:TN:19403166,1,0,0,0,0,0,0,20250223,20250317
IDFM:TN:19403167,1,1,1,1,1,0,0,20250303,20250314
IDFM:TN:19403190,0,0,0,0,1,1,0,20250221,20250315
IDFM:TN:19403191,0,0,0,0,1,0,1,20250221,20250316
IDFM:TN:19403355,0,0,1,0,0,0,0,20250219,20250228
IDFM:TN:19403366,0,0,1,0,1,0,0,20250219,20250228
IDFM:TN:19403387,0,0,1,1,1,0,0,20250219,20250228
IDFM:TN:19403402,1,1,1,1,1,0,0,20250219,20250318
IDFM:TN:19403423,0,0,0,1,0,0,0,20250220,20250227
IDFM:TN:19403439,0,0,0,0,1,0,0,20250219,20250228
IDFM:TN:19403441,1,1,1,1,1,0,0,20250219,20250318
IDFM:TN:19403447,1,0,1,1,0,0,0,20250224,20250306
IDFM:TN:19403453,1,0,0,0,1,0,0,20250307,20250317
IDFM:TN:19403495,0,0,1,1,1,0,1,20250219,20250223
IDFM:TN:19403496,1,1,1,1,1,0,0,20250224,20250318
IDFM:TN:19403508,0,0,1,0,1,0,0,20250219,20250314
IDFM:TN:19403525,1,0,0,0,0,0,0,20250303,20250317
IDFM:TN:19403646,0,0,0,0,0,1,0,20250222,20250315
IDFM:TN:19403669,1,0,0,0,0,0,0,20250219,20250303
IDFM:TN:19403675,1,0,0,0,0,0,0,20250224,20250303
IDFM:TN:19403749,1,1,1,1,0,0,0,20250219,20250318
IDFM:TN:19403760,0,1,1,1,0,0,0,20250311,20250313
IDFM:TN:19403790,1,0,1,1,1,0,0,20250310,20250314
IDFM:TN:19404029,0,1,1,1,1,1,0,20250225,20250318
IDFM:TN:19404158,0,1,1,1,1,1,0,20250219,20250308
IDFM:TN:19404696,0,0,0,0,0,0,1,20250223,20250316
IDFM:TN:19404698,1,1,0,0,0,0,0,20250224,20250318
IDFM:TN:19405468,1,1,1,1,1,0,0,20250219,20250318
IDFM:TN:19406274,0,1,1,1,1,1,0,20250219,20250318
IDFM:TN:19407114,0,1,1,1,1,1,0,20250219,20250318
IDFM:TN:19409066,1,1,1,1,1,1,0,20250219,20250318
IDFM:TN:19409090,0,1,1,1,1,1,0,20250219,20250318
IDFM:TN:19409671,0,1,1,1,1,1,0,20250225,20250308
IDFM:TN:19409822,1,1,1,1,1,0,0,20250219,20250318
IDFM:TN:19409854,0,0,1,0,0,0,0,20250226,20250226
IDFM:TN:19409884,0,0,1,0,0,1,0,20250219,20250308
IDFM:TN:19409885,1,1,1,1,1,0,0,20250219,20250318
IDFM:TN:19409916,0,0,0,0,0,1,0,20250219,20250312
IDFM:TN:19409936,1,1,1,1,1,1,1,20250219,20250318
IDFM:TN:19409955,1,1,1,1,1,1,1,20250219,20250318
IDFM:TN:19409975,0,0,0,0,0,1,0,20250222,20250318
IDFM:TN:19409978,1,1,1,1,1,1,1,20250222,20250318
IDFM:TN:19409984,1,0,1,0,0,0,0,20250310,20250312
IDFM:TN:19409985,0,1,0,1,0,0,0,20250311,20250313
IDFM:TN:19409986,0,0,0,1,1,0,0,20250313,20250314
IDFM:TN:19410052,0,0,0,0,0,0,1,20250223,20250316
IDFM:TN:19410060,0,0,0,0,0,1,0,20250308,20250316
IDFM:TN:19410084,1,1,1,1,1,0,0,20250219,20250318
IDFM:TN:19410143,0,0,0,0,1,0,0,20250228,20250307
IDFM:TN:19410144,1,0,0,0,0,0,0,20250310,20250317
IDFM:TN:19410145,0,0,1,1,0,0,0,20250312,20250313
IDFM:TN:19410148,0,0,0,0,1,0,0,20250228,20250314
IDFM:TN:19410153,1,1,0,0,0,0,0,20250303,20250318
IDFM:TN:19410154,0,1,1,1,1,0,0,20250304,20250318
IDFM:TN:19410440,0,0,0,0,0,1,1,20250219,20250316
IDFM:TN:19410441,0,0,0,0,0,1,0,20250219,20250315
IDFM:TN:19410448,1,1,1,1,1,0,1,20250219,20250318
IDFM:TN:19410454,0,0,0,0,0,0,1,20250219,20250316
IDFM:TN:19410511,0,0,0,0,0,0,1,20250219,20250316
IDFM:TN:19410585,1,1,1,1,1,0,0,20250222,20250318
IDFM:TN:19410610,0,0,0,0,0,0,1,20250222,20250316
IDFM:TN:19410616,1,1,1,1,1,0,1,20250222,20250318
IDFM:TN:19410639,1,1,1,1,1,0,0,20250222,20250318
IDFM:TN:19410692,1,1,1,1,1,0,0,20250223,20250318
IDFM:TN:19410869,1,0,0,0,0,0,1,20250302,20250317
IDFM:TN:19411935,1,1,1,1,1,1,0,20250219,20250315
IDFM:TN:19412200,0,0,0,0,1,0,0,20250228,20250315
IDFM:TN:19412222,1,1,1,1,0,0,0,20250219,20250318
IDFM:TN:19412226,1,1,1,1,0,0,0,20250303,20250313
IDFM:TN:19412356,1,1,0,1,1,0,0,20250220,20250318
IDFM:TN:19412372,0,0,0,0,0,1,1,20250222,20250316
IDFM:TN:19412455,0,0,0,0,0,1,1,20250222,20250316
IDFM:TN:19412475,1,1,1,1,0,0,0,20250219,20250318
IDFM:TN:19412514,0,0,1,0,0,0,0,20250219,20250312
IDFM:TN:19310103,1,0,0,0,0,0,0,20250217,20250217
IDFM:TN:19278630,0,0,0,0,0,0,1,20250216,20250216
IDFM:TN:19245255,0,0,0,0,0,1,0,20250215,20250215
IDFM:TN:19178871,0,0,0,0,1,0,0,20250214,20250214
IDFM:TN:19412515,1,1,1,1,1,1,1,20250214,20250318
